Loop 0

ans =

   2.7830e-06


cobra/core/metabolite.py:104 [1;31mUserWarning[0m: 17.75575928966914 is not an integer (in formula C17.75575928966914H32.755759289669136O0.15472810256968023X1.0)
cobra/core/metabolite.py:104 [1;31mUserWarning[0m: 32.755759289669136 is not an integer (in formula C17.75575928966914H32.755759289669136O0.15472810256968023X1.0)
cobra/core/metabolite.py:104 [1;31mUserWarning[0m: 0.15472810256968023 is not an integer (in formula C17.75575928966914H32.755759289669136O0.15472810256968023X1.0)
cobra/core/metabolite.py:104 [1;31mUserWarning[0m: 17.75575928966914 is not an integer (in formula C17.75575928966914H32.86279801549386O2.0)
cobra/core/metabolite.py:104 [1;31mUserWarning[0m: 32.86279801549386 is not an integer (in formula C17.75575928966914H32.86279801549386O2.0)
cobra/core/metabolite.py:104 [1;31mUserWarning[0m: 20.75575928966914 is not an integer (in formula C20.75575928966914H38.755759289669136O6.15472810256968P1.0)
cobra/core/metabolite.py:104 [1;31mUserWarning[0m: 38.755759289669136 is not an integer (in formula C20.75575928966914H38.755759289669136O6.15472810256968P1.0)
cobra/core/metabolite.py:104 [1;31mUserWarning[0m: 6.15472810256968 is not an integer (in formula C20.75575928966914H38.755759289669136O6.15472810256968P1.0)
cobra/core/metabolite.py:104 [1;31mUserWarning[0m: 38.51151857933828 is not an integer (in formula C38.51151857933828H70.51151857933827O6.309456205139361P1.0)
cobra/core/metabolite.py:104 [1;31mUserWarning[0m: 70.51151857933827 is not an integer (in formula C38.51151857933828H70.51151857933827O6.309456205139361P1.0)
cobra/core/metabolite.py:104 [1;31mUserWarning[0m: 6.309456205139361 is not an integer (in formula C38.51151857933828H70.51151857933827O6.309456205139361P1.0)
cobra/core/metabolite.py:104 [1;31mUserWarning[0m: 38.51151857933828 is not an integer (in formula C38.51151857933828H71.51151857933827O3.3094562051393606)
cobra/core/metabolite.py:104 [1;31mUserWarning[0m: 71.51151857933827 is not an integer (in formula C38.51151857933828H71.51151857933827O3.3094562051393606)
cobra/core/metabolite.py:104 [1;31mUserWarning[0m: 3.3094562051393606 is not an integer (in formula C38.51151857933828H71.51151857933827O3.3094562051393606)
cobra/core/metabolite.py:104 [1;31mUserWarning[0m: 38.75575928966914 is not an integer (in formula C38.75575928966914H67.86279801549385N7.0O17.0P3.0S1.0)
cobra/core/metabolite.py:104 [1;31mUserWarning[0m: 67.86279801549385 is not an integer (in formula C38.75575928966914H67.86279801549385N7.0O17.0P3.0S1.0)
cobra/core/metabolite.py:104 [1;31mUserWarning[0m: 47.51151857933828 is not an integer (in formula C47.51151857933828H82.51151857933827N3.0O13.309456205139362P2.0)
cobra/core/metabolite.py:104 [1;31mUserWarning[0m: 82.51151857933827 is not an integer (in formula C47.51151857933828H82.51151857933827N3.0O13.309456205139362P2.0)
cobra/core/metabolite.py:104 [1;31mUserWarning[0m: 13.309456205139362 is not an integer (in formula C47.51151857933828H82.51151857933827N3.0O13.309456205139362P2.0)
cobra/core/metabolite.py:104 [1;31mUserWarning[0m: 41.51151857933828 is not an integer (in formula C41.51151857933828H76.51151857933827O11.309456205139362P2.0)
cobra/core/metabolite.py:104 [1;31mUserWarning[0m: 76.51151857933827 is not an integer (in formula C41.51151857933828H76.51151857933827O11.309456205139362P2.0)
cobra/core/metabolite.py:104 [1;31mUserWarning[0m: 11.309456205139362 is not an integer (in formula C41.51151857933828H76.51151857933827O11.309456205139362P2.0)
cobra/core/metabolite.py:104 [1;31mUserWarning[0m: 44.51151857933828 is not an integer (in formula C44.51151857933828H81.51151857933827O8.309456205139362)
cobra/core/metabolite.py:104 [1;31mUserWarning[0m: 81.51151857933827 is not an integer (in formula C44.51151857933828H81.51151857933827O8.309456205139362)
cobra/core/metabolite.py:104 [1;31mUserWarning[0m: 8.309456205139362 is not an integer (in formula C44.51151857933828H81.51151857933827O8.309456205139362)
cobra/core/metabolite.py:104 [1;31mUserWarning[0m: 43.51151857933828 is not an integer (in formula C43.51151857933828H83.51151857933827N1.0O6.309456205139361P1.0)
cobra/core/metabolite.py:104 [1;31mUserWarning[0m: 83.51151857933827 is not an integer (in formula C43.51151857933828H83.51151857933827N1.0O6.309456205139361P1.0)
cobra/core/metabolite.py:104 [1;31mUserWarning[0m: 6.309456205139361 is not an integer (in formula C43.51151857933828H83.51151857933827N1.0O6.309456205139361P1.0)
   Light intensity       Vc      Vo      VPGA    VT3P  Vstarch  Vt_glycerate  Vt_glycolate       A_slope  Max_Meta_slope
0             1000  27.7194  9.3553  0.010408  5.0051   1.3325        4.6776        9.3553  1.658500e-11        0.000003
No more input.
Biomass C accumulation rate =8.861121268352482
ATP_ADP_Pi_pc	3.5787085314121727=0.0
3.5787085314121727
ASPARTATEKIN_RXN_p	-0.4703350721842649=3.5787085314121727
SULFATE_ADENYLYLTRANS_RXN_p	-0.03247088481033075=3.5787085314121727
PHOSGLYPHOS_RXN_p	4.412297961041837=3.5787085314121727
GLUTAMINESYN_RXN_p	-7.632334841141081=3.5787085314121727
PEPDEPHOS_RXN_p	0.610961128381396=3.5787085314121727
SHIKIMATE_KINASE_RXN_p	-0.07742978574519734=3.5787085314121727
ADENYL_KIN_RXN_p	-0.03293441395189123=3.5787085314121727
HOMOSERKIN_RXN_p	-0.11411450695955025=3.5787085314121727
GLUC1PADENYLTRANS_RXN_p	-0.05327803822996798=3.5787085314121727
GLY3KIN_RXN_p	-0.188603482235078=3.5787085314121727
Extra APTase flux =3.5787085314121727
NADPHoxp_tx	-0.8538999999999999=0.0
6PGLUCONDEHYDROG_RXN_p	0.8033753851704216=0.0
GLU6PDEHYDROG_RXN_p	0.8033753851704215=0.0
ACETOLACTREDUCTOISOM_RXN_p	-0.08985942199073668=0.0
SHIKIMATE_5_DEHYDROGENASE_RXN_p	-0.07742978574519734=0.0
GLUTATHIONE_REDUCT_NADPH_RXN_p	-0.03247088481033076=0.0
ACETOOHBUTREDUCTOISOM_RXN_p	-0.027530820398931104=0.0
PREPHENATE_DEHYDROGENASE_NADP_RXN_p	0.042191262828721404=0.0
ASPARTATE_SEMIALDEHYDE_DEHYDROGENASE_RXN_p	-0.47033507218426485=0.0
1_PERIOD_18_PERIOD_1_PERIOD_2_RXN_p	-0.09741298160361397=0.0
HOMOSERDEHYDROG_RXN_NAD_p	-0.11411450695955025=0.0
PYRUVDEH_RXN_p	0.07469608370085969=0.0
DIHYDROPICRED_RXN_NAD_p	-0.35622056522471457=0.0
GAPOXNPHOSPHN_RXN_p	4.412297961041838=0.0
GLUTAMATE_SYNTHASE_NADH_RXN_p	-6.986042604746682=0.0
3_ISOPROPYLMALDEHYDROG_RXN_p	0.04795097107140554=0.0
MALATE_DEH_RXN_p	2.921435734024026=0.0
2.921435734024026
Extra NADPH flux =2.921435734024026

ODE ATPase 0.0
FBA ATPase 3.5787
ODE NADPHox 0.0
FBA NADPHox 2.9214
Loop 1

