##############################
Day = 164
Hour = 1

ans =

   9.1914e-07


   Light intensity      Vc     Vo      VPGA   VT3P  Vstarch  Vt_glycerate  Vt_glycolate       A_slope  Max_Meta_slope
0          318.056  15.296  5.551  0.007473  3.852  0.15704        2.7755         5.551  1.237700e-09    9.191400e-07
No more input.
0.5 CIT_v1 + 0.5 aCIT_v1 <=> 0.5 CIT_v2 + 0.5 aCIT_v2
bHIS_v1 --> bHIS_v2
0.7 MAL_v1 + 0.3 aMAL_v1 <=> 0.7 MAL_v2 + 0.3 aMAL_v2
Phloem export rate =0.9465026216940976

##############################
Day = 164
Hour = 2

ans =

   3.1055e-05


   Light intensity       Vc      Vo     VPGA    VT3P  Vstarch  Vt_glycerate  Vt_glycolate       A_slope  Max_Meta_slope
0          602.778  24.9683  9.0611  0.01205  5.2512  0.77467        4.5305        9.0611  2.426800e-10        0.000031
No more input.
0.5 CIT_v1 + 0.5 aCIT_v1 <=> 0.5 CIT_v2 + 0.5 aCIT_v2
bHIS_v1 --> bHIS_v2
0.7 MAL_v1 + 0.3 aMAL_v1 <=> 0.7 MAL_v2 + 0.3 aMAL_v2
Phloem export rate =1.5747283545563548

##############################
Day = 164
Hour = 3

ans =

   1.3162e-06


   Light intensity       Vc      Vo      VPGA    VT3P  Vstarch  Vt_glycerate  Vt_glycolate       A_slope  Max_Meta_slope
0          951.449  26.3153  9.5499  0.009649  4.8034   1.1835        4.7749        9.5499  5.817200e-11        0.000001
No more input.
0.5 CIT_v1 + 0.5 aCIT_v1 <=> 0.5 CIT_v2 + 0.5 aCIT_v2
bHIS_v1 --> bHIS_v2
0.7 MAL_v1 + 0.3 aMAL_v1 <=> 0.7 MAL_v2 + 0.3 aMAL_v2
Phloem export rate =1.5922363984177792

##############################
Day = 164
Hour = 4

ans =

   4.8307e-07


   Light intensity      Vc      Vo      VPGA    VT3P  Vstarch  Vt_glycerate  Vt_glycolate       A_slope  Max_Meta_slope
0         1342.754  26.462  9.6031  0.009747  4.8301   1.1901        4.8016        9.6031  9.721000e-11    4.830700e-07
No more input.
0.5 CIT_v1 + 0.5 aCIT_v1 <=> 0.5 CIT_v2 + 0.5 aCIT_v2
bHIS_v1 --> bHIS_v2
0.7 MAL_v1 + 0.3 aMAL_v1 <=> 0.7 MAL_v2 + 0.3 aMAL_v2
Phloem export rate =1.5154325559308996

##############################
Day = 164
Hour = 5

ans =

   3.3621e-05


   Light intensity       Vc      Vo      VPGA    VT3P  Vstarch  Vt_glycerate  Vt_glycolate       A_slope  Max_Meta_slope
0         1621.429  26.5452  9.6333  0.009808  4.8464   1.1933        4.8167        9.6333  5.244400e-10        0.000034
No more input.
0.5 CIT_v1 + 0.5 aCIT_v1 <=> 0.5 CIT_v2 + 0.5 aCIT_v2
bHIS_v1 --> bHIS_v2
0.7 MAL_v1 + 0.3 aMAL_v1 <=> 0.7 MAL_v2 + 0.3 aMAL_v2
Phloem export rate =1.386235356774714

##############################
Day = 164
Hour = 6

ans =

   3.1637e-06


   Light intensity       Vc     Vo      VPGA    VT3P  Vstarch  Vt_glycerate  Vt_glycolate       A_slope  Max_Meta_slope
0         1637.302  26.5497  9.635  0.009811  4.8473   1.1935        4.8175         9.635  9.561200e-11        0.000003
No more input.
0.5 CIT_v1 + 0.5 aCIT_v1 <=> 0.5 CIT_v2 + 0.5 aCIT_v2
bHIS_v1 --> bHIS_v2
0.7 MAL_v1 + 0.3 aMAL_v1 <=> 0.7 MAL_v2 + 0.3 aMAL_v2
Phloem export rate =1.4527547818342816

##############################
Day = 164
Hour = 7

ans =

   1.9177e-08


   Light intensity       Vc      Vo      VPGA    VT3P  Vstarch  Vt_glycerate  Vt_glycolate       A_slope  Max_Meta_slope
0         1640.909  26.5496  9.6349  0.009811  4.8473   1.1935        4.8175        9.6349  5.232200e-12    1.917700e-08
No more input.
0.5 CIT_v1 + 0.5 aCIT_v1 <=> 0.5 CIT_v2 + 0.5 aCIT_v2
bHIS_v1 --> bHIS_v2
0.7 MAL_v1 + 0.3 aMAL_v1 <=> 0.7 MAL_v2 + 0.3 aMAL_v2
Phloem export rate =1.4351417886466151

##############################
Day = 164
Hour = 8

ans =

   5.4576e-06


   Light intensity       Vc      Vo      VPGA    VT3P  Vstarch  Vt_glycerate  Vt_glycolate       A_slope  Max_Meta_slope
0         1595.455  26.5373  9.6305  0.009802  4.8448    1.193        4.8152        9.6305  2.507300e-11        0.000005
No more input.
0.5 CIT_v1 + 0.5 aCIT_v1 <=> 0.5 CIT_v2 + 0.5 aCIT_v2
bHIS_v1 --> bHIS_v2
0.7 MAL_v1 + 0.3 aMAL_v1 <=> 0.7 MAL_v2 + 0.3 aMAL_v2
Phloem export rate =1.4644633310371824

##############################
Day = 164
Hour = 9

ans =

   2.9417e-06


   Light intensity       Vc      Vo      VPGA    VT3P  Vstarch  Vt_glycerate  Vt_glycolate       A_slope  Max_Meta_slope
0             1550  26.5238  9.6256  0.009792  4.8422   1.1925        4.8128        9.6256  1.174900e-10        0.000003
No more input.
0.5 CIT_v1 + 0.5 aCIT_v1 <=> 0.5 CIT_v2 + 0.5 aCIT_v2
bHIS_v1 --> bHIS_v2
0.7 MAL_v1 + 0.3 aMAL_v1 <=> 0.7 MAL_v2 + 0.3 aMAL_v2
Phloem export rate =1.5126688417080367

##############################
Day = 164
Hour = 10

ans =

   9.6119e-05

[Warning: ODE model does not reach a steady state: The 1st time ] 
[> In Sim_Ephotosynthesis (line 22)
  In wrapped_Sim_Ephotosynthesis_4a93bafc_2eab_4433_a687_2b9a83bf (line 97)] 

   Light intensity       Vc      Vo      VPGA    VT3P  Vstarch  Vt_glycerate  Vt_glycolate       A_slope  Max_Meta_slope
0         1534.848  29.5285  10.716  0.011441  5.9126   5.4112         5.358        10.716  9.713700e-12        0.000011
No more input.
0.5 CIT_v1 + 0.5 aCIT_v1 <=> 0.5 CIT_v2 + 0.5 aCIT_v2
bHIS_v1 --> bHIS_v2
0.7 MAL_v1 + 0.3 aMAL_v1 <=> 0.7 MAL_v2 + 0.3 aMAL_v2
Phloem export rate =1.9757577693718007

##############################
Day = 164
Hour = 11

ans =

   1.1660e-05


   Light intensity       Vc      Vo      VPGA    VT3P  Vstarch  Vt_glycerate  Vt_glycolate       A_slope  Max_Meta_slope
0         1519.697  26.5161  9.6228  0.009786  4.8407   1.1922        4.8114        9.6228  8.987000e-10        0.000012
No more input.
0.5 CIT_v1 + 0.5 aCIT_v1 <=> 0.5 CIT_v2 + 0.5 aCIT_v2
bHIS_v1 --> bHIS_v2
0.7 MAL_v1 + 0.3 aMAL_v1 <=> 0.7 MAL_v2 + 0.3 aMAL_v2
Phloem export rate =1.5066501931979246

##############################
Day = 164
Hour = 12

ans =

   2.2708e-06


   Light intensity       Vc      Vo      VPGA    VT3P  Vstarch  Vt_glycerate  Vt_glycolate       A_slope  Max_Meta_slope
0         1383.333  26.4755  9.6081  0.009757  4.8328   1.1907         4.804        9.6081  4.215000e-11        0.000002
No more input.
0.5 CIT_v1 + 0.5 aCIT_v1 <=> 0.5 CIT_v2 + 0.5 aCIT_v2
bHIS_v1 --> bHIS_v2
0.7 MAL_v1 + 0.3 aMAL_v1 <=> 0.7 MAL_v2 + 0.3 aMAL_v2
Phloem export rate =1.5108176849600614

##############################
Day = 164
Hour = 13

ans =

   1.2931e-05


   Light intensity       Vc      Vo      VPGA    VT3P  Vstarch  Vt_glycerate  Vt_glycolate       A_slope  Max_Meta_slope
0         1216.667  26.4199  9.5879  0.009716  4.8219   1.1885        4.7939        9.5879  1.144700e-09        0.000013
No more input.
0.5 CIT_v1 + 0.5 aCIT_v1 <=> 0.5 CIT_v2 + 0.5 aCIT_v2
bHIS_v1 --> bHIS_v2
0.7 MAL_v1 + 0.3 aMAL_v1 <=> 0.7 MAL_v2 + 0.3 aMAL_v2
Phloem export rate =1.537643883860504

##############################
Day = 164
Hour = 14

ans =

   1.5759e-08


   Light intensity      Vc      Vo      VPGA   VT3P  Vstarch  Vt_glycerate  Vt_glycolate       A_slope  Max_Meta_slope
0              847  26.254  9.5277  0.009656  4.803   1.1754        4.7638        9.5277  2.731300e-10    1.575900e-08
No more input.
0.5 CIT_v1 + 0.5 aCIT_v1 <=> 0.5 CIT_v2 + 0.5 aCIT_v2
bHIS_v1 --> bHIS_v2
0.7 MAL_v1 + 0.3 aMAL_v1 <=> 0.7 MAL_v2 + 0.3 aMAL_v2
Phloem export rate =1.613912809808168

##############################
Day = 164
Hour = 15

ans =

   5.0451e-04

[Warning: ODE model does not reach a steady state: The 1st time ] 
[> In Sim_Ephotosynthesis (line 22)
  In wrapped_Sim_Ephotosynthesis_f51e427f_7908_494a_af33_199f3bce (line 97)] 

   Light intensity       Vc      Vo      VPGA    VT3P  Vstarch  Vt_glycerate  Vt_glycolate       A_slope  Max_Meta_slope
0          390.333  18.3063  6.6434  0.009794  4.5095  0.23778        3.3217        6.6434  1.122700e-10        0.000002
No more input.
0.5 CIT_v1 + 0.5 aCIT_v1 <=> 0.5 CIT_v2 + 0.5 aCIT_v2
bHIS_v1 --> bHIS_v2
0.7 MAL_v1 + 0.3 aMAL_v1 <=> 0.7 MAL_v2 + 0.3 aMAL_v2
Phloem export rate =1.1603272864931484

##############################
Day = 164
Hour = 1

