##############################
Day = 164
Hour = 1

ans =

   2.4782e-05


   Light intensity       Vc      Vo      VPGA    VT3P  Vstarch  Vt_glycerate  Vt_glycolate       A_slope  Max_Meta_slope
0              318  15.5517  5.6438  0.007668  3.9102  0.16271        2.8219        5.6438  3.706300e-09        0.000025
No more input.
0.5 CIT_v1 + 0.5 aCIT_v1 <=> 0.5 CIT_v2 + 0.5 aCIT_v2
bHIS_v1 --> bHIS_v2
0.7 MAL_v1 + 0.3 aMAL_v1 <=> 0.7 MAL_v2 + 0.3 aMAL_v2
Phloem export rate =1.015413445248313

##############################
Day = 164
Hour = 2

ans =

   2.7654e-06


   Light intensity       Vc      Vo     VPGA    VT3P  Vstarch  Vt_glycerate  Vt_glycolate       A_slope  Max_Meta_slope
0              603  25.0593  9.0941  0.01196  5.2373  0.79406         4.547        9.0941  2.047500e-08        0.000003
No more input.
0.5 CIT_v1 + 0.5 aCIT_v1 <=> 0.5 CIT_v2 + 0.5 aCIT_v2
bHIS_v1 --> bHIS_v2
0.7 MAL_v1 + 0.3 aMAL_v1 <=> 0.7 MAL_v2 + 0.3 aMAL_v2
Phloem export rate =1.6678762531223874

##############################
Day = 164
Hour = 3

ans =

   1.2390e-06


   Light intensity       Vc      Vo      VPGA   VT3P  Vstarch  Vt_glycerate  Vt_glycolate       A_slope  Max_Meta_slope
0              951  26.3198  9.5515  0.009651  4.804   1.1839        4.7758        9.5515  1.981200e-10        0.000001
No more input.
0.5 CIT_v1 + 0.5 aCIT_v1 <=> 0.5 CIT_v2 + 0.5 aCIT_v2
bHIS_v1 --> bHIS_v2
0.7 MAL_v1 + 0.3 aMAL_v1 <=> 0.7 MAL_v2 + 0.3 aMAL_v2
Phloem export rate =1.6316984288712488

##############################
Day = 164
Hour = 4

ans =

   4.1390e-06


   Light intensity       Vc      Vo      VPGA    VT3P  Vstarch  Vt_glycerate  Vt_glycolate       A_slope  Max_Meta_slope
0             1343  26.4676  9.6052  0.009751  4.8312   1.1904        4.8026        9.6052  5.733200e-09        0.000004
No more input.
0.5 CIT_v1 + 0.5 aCIT_v1 <=> 0.5 CIT_v2 + 0.5 aCIT_v2
bHIS_v1 --> bHIS_v2
0.7 MAL_v1 + 0.3 aMAL_v1 <=> 0.7 MAL_v2 + 0.3 aMAL_v2
Phloem export rate =1.544555362774067

##############################
Day = 164
Hour = 5

ans =

   4.2331e-05


   Light intensity      Vc      Vo      VPGA    VT3P  Vstarch  Vt_glycerate  Vt_glycolate       A_slope  Max_Meta_slope
0             1621  26.552  9.6358  0.009813  4.8477   1.1936        4.8179        9.6358  4.629700e-10        0.000042
No more input.
0.5 CIT_v1 + 0.5 aCIT_v1 <=> 0.5 CIT_v2 + 0.5 aCIT_v2
bHIS_v1 --> bHIS_v2
0.7 MAL_v1 + 0.3 aMAL_v1 <=> 0.7 MAL_v2 + 0.3 aMAL_v2
Phloem export rate =1.551091732810525

##############################
Day = 164
Hour = 6

ans =

   4.1935e-05


   Light intensity       Vc      Vo      VPGA    VT3P  Vstarch  Vt_glycerate  Vt_glycolate       A_slope  Max_Meta_slope
0             1637  26.5523  9.6359  0.009813  4.8478   1.1936         4.818        9.6359  2.699800e-09        0.000042
No more input.
0.5 CIT_v1 + 0.5 aCIT_v1 <=> 0.5 CIT_v2 + 0.5 aCIT_v2
bHIS_v1 --> bHIS_v2
0.7 MAL_v1 + 0.3 aMAL_v1 <=> 0.7 MAL_v2 + 0.3 aMAL_v2
Phloem export rate =1.4606275993855062

##############################
Day = 164
Hour = 7

ans =

   3.6931e-06


   Light intensity       Vc     Vo      VPGA    VT3P  Vstarch  Vt_glycerate  Vt_glycolate       A_slope  Max_Meta_slope
0             1641  26.5552  9.637  0.009815  4.8483   1.1937        4.8185         9.637  9.478300e-11        0.000004
No more input.
0.5 CIT_v1 + 0.5 aCIT_v1 <=> 0.5 CIT_v2 + 0.5 aCIT_v2
bHIS_v1 --> bHIS_v2
0.7 MAL_v1 + 0.3 aMAL_v1 <=> 0.7 MAL_v2 + 0.3 aMAL_v2
Phloem export rate =1.4710429688672362

##############################
Day = 164
Hour = 8

ans =

   3.6226e-05


   Light intensity       Vc      Vo      VPGA    VT3P  Vstarch  Vt_glycerate  Vt_glycolate       A_slope  Max_Meta_slope
0             1595  26.5424  9.6323  0.009806  4.8458   1.1932        4.8162        9.6323  1.200300e-09        0.000036
No more input.
0.5 CIT_v1 + 0.5 aCIT_v1 <=> 0.5 CIT_v2 + 0.5 aCIT_v2
bHIS_v1 --> bHIS_v2
0.7 MAL_v1 + 0.3 aMAL_v1 <=> 0.7 MAL_v2 + 0.3 aMAL_v2
Phloem export rate =1.500011550521498

##############################
Day = 164
Hour = 9

ans =

   8.1666e-07


   Light intensity       Vc      Vo      VPGA    VT3P  Vstarch  Vt_glycerate  Vt_glycolate       A_slope  Max_Meta_slope
0             1550  26.5294  9.6276  0.009796  4.8433   1.1927        4.8138        9.6276  1.045700e-10    8.166600e-07
No more input.
0.5 CIT_v1 + 0.5 aCIT_v1 <=> 0.5 CIT_v2 + 0.5 aCIT_v2
bHIS_v1 --> bHIS_v2
0.7 MAL_v1 + 0.3 aMAL_v1 <=> 0.7 MAL_v2 + 0.3 aMAL_v2
Phloem export rate =1.5057671324771085

##############################
Day = 164
Hour = 10

ans =

   1.8869e-05


   Light intensity       Vc      Vo      VPGA    VT3P  Vstarch  Vt_glycerate  Vt_glycolate       A_slope  Max_Meta_slope
0             1535  26.5252  9.6261  0.009843  4.8425   1.1926         4.813        9.6261  6.589500e-10        0.000019
No more input.
0.5 CIT_v1 + 0.5 aCIT_v1 <=> 0.5 CIT_v2 + 0.5 aCIT_v2
bHIS_v1 --> bHIS_v2
0.7 MAL_v1 + 0.3 aMAL_v1 <=> 0.7 MAL_v2 + 0.3 aMAL_v2
Phloem export rate =1.525044903174861

##############################
Day = 164
Hour = 11

ans =

   2.2673e-08


   Light intensity       Vc     Vo      VPGA    VT3P  Vstarch  Vt_glycerate  Vt_glycolate       A_slope  Max_Meta_slope
0             1520  26.5222  9.625  0.009791  4.8419   1.1924        4.8125         9.625  7.323000e-13    2.267300e-08
No more input.
0.5 CIT_v1 + 0.5 aCIT_v1 <=> 0.5 CIT_v2 + 0.5 aCIT_v2
bHIS_v1 --> bHIS_v2
0.7 MAL_v1 + 0.3 aMAL_v1 <=> 0.7 MAL_v2 + 0.3 aMAL_v2
Phloem export rate =1.4970585706321646

##############################
Day = 164
Hour = 12

ans =

   3.5860e-06


   Light intensity     Vc      Vo     VPGA    VT3P  Vstarch  Vt_glycerate  Vt_glycolate       A_slope  Max_Meta_slope
0             1383  26.48  9.6097  0.00976  4.8336   1.1908        4.8048        9.6097  1.683000e-11        0.000004
No more input.
0.5 CIT_v1 + 0.5 aCIT_v1 <=> 0.5 CIT_v2 + 0.5 aCIT_v2
bHIS_v1 --> bHIS_v2
0.7 MAL_v1 + 0.3 aMAL_v1 <=> 0.7 MAL_v2 + 0.3 aMAL_v2
Phloem export rate =1.5497968415924048

##############################
Day = 164
Hour = 13

ans =

   4.9044e-06


   Light intensity       Vc      Vo      VPGA    VT3P  Vstarch  Vt_glycerate  Vt_glycolate       A_slope  Max_Meta_slope
0             1217  26.4262  9.5902  0.009721  4.8231   1.1888        4.7951        9.5902  7.915600e-10        0.000005
No more input.
0.5 CIT_v1 + 0.5 aCIT_v1 <=> 0.5 CIT_v2 + 0.5 aCIT_v2
bHIS_v1 --> bHIS_v2
0.7 MAL_v1 + 0.3 aMAL_v1 <=> 0.7 MAL_v2 + 0.3 aMAL_v2
Phloem export rate =1.625411513940171

##############################
Day = 164
Hour = 14

ans =

   7.9985e-06


   Light intensity       Vc      Vo      VPGA    VT3P  Vstarch  Vt_glycerate  Vt_glycolate       A_slope  Max_Meta_slope
0              847  26.2608  9.5301  0.009651  4.8021   1.1768        4.7651        9.5301  2.453500e-10        0.000008
No more input.
0.5 CIT_v1 + 0.5 aCIT_v1 <=> 0.5 CIT_v2 + 0.5 aCIT_v2
bHIS_v1 --> bHIS_v2
0.7 MAL_v1 + 0.3 aMAL_v1 <=> 0.7 MAL_v2 + 0.3 aMAL_v2
Phloem export rate =1.6658265022296128

##############################
Day = 164
Hour = 15

ans =

   7.6562e-07


   Light intensity       Vc      Vo      VPGA    VT3P  Vstarch  Vt_glycerate  Vt_glycolate       A_slope  Max_Meta_slope
0              390  18.5624  6.7363  0.009988  4.5617  0.24649        3.3682        6.7363  6.869100e-09    7.656200e-07
No more input.
0.5 CIT_v1 + 0.5 aCIT_v1 <=> 0.5 CIT_v2 + 0.5 aCIT_v2
bHIS_v1 --> bHIS_v2
0.7 MAL_v1 + 0.3 aMAL_v1 <=> 0.7 MAL_v2 + 0.3 aMAL_v2
Phloem export rate =1.215846760752675

##############################
Day = 164
Hour = 1

