Loop 0

ans =

   2.7830e-06


   Light intensity       Vc      Vo      VPGA    VT3P  Vstarch  Vt_glycerate  Vt_glycolate       A_slope  Max_Meta_slope
0             1000  27.7194  9.3553  0.010408  5.0051   1.3325        4.6776        9.3553  1.658500e-11        0.000003
No more input.
Sucrose export rate =-0.7126060360065529
PHOSGLYPHOS_RXN_p	1.70720349761541=0.0
ADENYL_KIN_RXN_p	-0.002443220470457294=0.0
ATP_ADP_Pi_pc	3.114687793075028=0.0
3.114687793075028
GLY3KIN_RXN_p	-0.007130662834545659=3.114687793075028
PRPPSYN_RXN_p	-0.0008144068234855276=3.114687793075028
ASPARTATEKIN_RXN_p	-0.010961476644102618=3.114687793075028
SULFATE_ADENYLYLTRANS_RXN_p	-0.0008144068234932945=3.114687793075028
GLUTAMINESYN_RXN_p	-4.797371940575843=3.114687793075028
HOMOSERKIN_RXN_p	-0.008804398896118735=3.114687793075028
PEPDEPHOS_RXN_p	0.014846417570198422=3.114687793075028
SHIKIMATE_KINASE_RXN_p	-0.006361178133871101=3.114687793075028
Extra APTase flux =3.114687793075028
1_PERIOD_18_PERIOD_1_PERIOD_2_RXN_p	-0.002443220470479884=0.0
ASPARTATE_SEMIALDEHYDE_DEHYDROGENASE_RXN_p	-0.010961476644102618=0.0
SHIKIMATE_5_DEHYDROGENASE_RXN_p	-0.006361178133871102=0.0
6PGLUCONDEHYDROG_RXN_p	0.44070946059652555=0.0
GLU6PDEHYDROG_RXN_p	0.4407094605965257=0.0
NADPHoxp_tx	-0.8544444444444445=0.0
GLUTATHIONE_REDUCT_NADPH_RXN_p	-0.0008144068234932947=0.0
ACETOOHBUTREDUCTOISOM_RXN_p	-0.0016948468298099372=0.0
ACETOLACTREDUCTOISOM_RXN_p	-0.00469934784685006=0.0
DIHYDROPICRED_RXN_NAD_p	-0.0021570777479838835=0.0
HOMOSERDEHYDROG_RXN_NAD_p	-0.008804398896118735=0.0
PYRUVDEH_RXN_p	0.0024102041221976444=0.0
GLUTAMATE_SYNTHASE_NADH_RXN_p	-4.7731378326964835=0.0
GAPOXNPHOSPHN_RXN_p	1.7072034976154098=0.0
MALATE_DEH_RXN_p	3.071668200069045=0.0
3.071668200069045
3_ISOPROPYLMALDEHYDROG_RXN_p	0.002003000710447113=3.071668200069045
Extra NADPH flux =3.071668200069045

ODE ATPase 0.0
FBA ATPase 3.115
ODE NADPHox 0.0
FBA NADPHox 3.072
Loop 1

ans =

   9.5285e-05

[Warning: ODE model does not reach a steady state: The 1st time ] 
[> In Sim_Ephotosynthesis (line 22)
  In wrapped_Sim_Ephotosynthesis_bb95ca4e_9c89_478b_ad14_26cc50a2 (line 97)] 

   Light intensity       Vc      Vo      VPGA    VT3P  Vstarch  Vt_glycerate  Vt_glycolate       A_slope  Max_Meta_slope
0             1000  27.6911  9.3457  0.010464  5.0164    1.323        4.6729        9.3457  3.327500e-08        0.000005
No more input.
Sucrose export rate =-0.8509418240892599
SHIKIMATE_KINASE_RXN_p	-0.00759605202746727=3.115
SULFATE_ADENYLYLTRANS_RXN_p	-0.0009725048524864613=3.115
HOMOSERKIN_RXN_p	-0.010513566933352834=3.115
GLUTAMINESYN_RXN_p	-4.815813154042078=3.115
GLY3KIN_RXN_p	-0.008405207847770229=3.115
ATP_source_from_ODE	3.115=3.115
ADENYL_KIN_RXN_p	-0.002917514557459052=3.115
PEPDEPHOS_RXN_p	0.08439025181377359=3.115
PRPPSYN_RXN_p	-0.0009725048524864613=3.115
PHOSGLYPHOS_RXN_p	1.1603145314961938=3.115
ATP_ADP_Pi_pc	0.503006374788651=3.115
0.503006374788651
ASPARTATEKIN_RXN_p	-0.013089390854301846=3.618006374788651
Extra APTase flux =3.618006374788651
ASPARTATE_SEMIALDEHYDE_DEHYDROGENASE_RXN_p	-0.013089390854301846=3.072
ACETOOHBUTREDUCTOISOM_RXN_p	-0.002023861685192217=3.072
1_PERIOD_18_PERIOD_1_PERIOD_2_RXN_p	-2.1746864865812494=3.072
HOMOSERDEHYDROG_RXN_NADP_p	-0.010513566933352834=3.072
SHIKIMATE_5_DEHYDROGENASE_RXN_p	-0.00759605202746727=3.072
DIHYDROPICRED_RXN_NADP_p	-0.0025758239209490107=3.072
NADPH_source_from_ODE	3.072=3.072
GLUTATHIONE_REDUCT_NADPH_RXN_p	-0.0009725048524864615=3.072
ACETOLACTREDUCTOISOM_RXN_p	-0.005611616274313671=3.072
NADPHoxp_tx	-0.8544444444444445=3.072
GLUTAMATE_SYNTHASE_NADH_RXN_p	-2.6151055891323747=3.072
GAPOXNPHOSPHN_RXN_p	1.1603145314961936=3.072
PYRUVDEH_RXN_p	0.0028780888577048867=3.072
MALATE_DEH_RXN_p	1.4480623750682844=3.072
1.4480623750682844
3_ISOPROPYLMALDEHYDROG_RXN_p	0.002391836431461656=4.520062375068284
Extra NADPH flux =4.520062375068284

ODE ATPase 3.115
FBA ATPase 3.618
ODE NADPHox 3.072
FBA NADPHox 4.52
Loop 2

ans =

   6.5312e-07


   Light intensity       Vc     Vo      VPGA   VT3P  Vstarch  Vt_glycerate  Vt_glycolate       A_slope  Max_Meta_slope
0             1000  27.6949  9.347  0.010477  5.019   1.3221        4.6735         9.347  7.320800e-11    6.531200e-07
No more input.
Sucrose export rate =-0.9034936702153092
SHIKIMATE_KINASE_RXN_p	-0.008065163482577804=3.618
ACETYLGLUTKIN_RXN_p	-0.0005162820498425899=3.618
ADENYL_KIN_RXN_p	-0.0030976922990480463=3.618
ARGSUCCINSYN_RXN_p	-0.0005162820498425897=3.618
CARBAMATE_KINASE_RXN_p	-0.0005162820498425897=3.618
HOMOSERKIN_RXN_p	-0.011162856151569759=3.618
ATP_source_from_ODE	3.618=3.618
GLY3KIN_RXN_p	-0.008977378422323212=3.618
PHOSGLYPHOS_RXN_p	0.8835996991787085=3.618
ATP_ADP_Pi_pc	0.24271129141628459=3.618
0.24271129141628459
ATPPHOSPHORIBOSYLTRANS_RXN_p	-0.0005162820498425897=3.8607112914162847
ASPARTATEKIN_RXN_p	-0.013897755933054182=3.8607112914162847
SULFATE_ADENYLYLTRANS_RXN_p	-0.0010325640996775647=3.8607112914162847
PRPPSYN_RXN_p	-0.0010325640996851793=3.8607112914162847
GDPKIN_RXN_p	-0.0005162820498425898=3.8607112914162847
GLUTAMINESYN_RXN_p	-4.825292168505379=3.8607112914162847
PEPDEPHOS_RXN_p	0.1308285626475484=3.8607112914162847
Extra APTase flux =3.8607112914162847
HOMOSERDEHYDROG_RXN_NADP_p	-0.011162856151569757=4.52
NADPHoxp_tx	-0.8544444444444445=4.52
1_PERIOD_18_PERIOD_1_PERIOD_2_RXN_p	-3.6200390098047084=4.52
ACETOLACTREDUCTOISOM_RXN_p	-0.005958174389825023=4.52
GLUTATHIONE_REDUCT_NADPH_RXN_p	-0.0010325640996775647=4.52
ACETOOHBUTREDUCTOISOM_RXN_p	-0.0021488498628205286=4.52
ASPARTATE_SEMIALDEHYDE_DEHYDROGENASE_RXN_p	-0.01389775593305418=4.52
DIHYDROPICRED_RXN_NADP_p	-0.0027348997814844248=4.52
NADPH_source_from_ODE	4.52=4.52
SHIKIMATE_5_DEHYDROGENASE_RXN_p	-0.008065163482577804=4.52
N_ACETYLGLUTPREDUCT_RXN_p	-0.0005162820498425898=4.52
MALATE_DEH_RXN_p	0.2868811627170722=4.52
0.2868811627170722
GAPOXNPHOSPHN_RXN_p	0.8835996991787032=4.8068811627170716
GLUTAMATE_SYNTHASE_NADH_RXN_p	-1.177625089546687=4.8068811627170716
PYRUVDEH_RXN_p	0.00305583177560953=4.8068811627170716
PREPHENATEDEHYDROG_RXN_p	0.0005162820498425895=4.8068811627170716
RXN_8001_p	0.0010325640996851793=4.8068811627170716
3_ISOPROPYLMALDEHYDROG_RXN_p	0.0025395497257745545=4.8068811627170716
Extra NADPH flux =4.8068811627170716

ODE ATPase 3.618
FBA ATPase 3.861
ODE NADPHox 4.52
FBA NADPHox 4.807
Loop 3

