Loop 0

ans =

   2.7830e-06


   Light intensity       Vc      Vo      VPGA    VT3P  Vstarch  Vt_glycerate  Vt_glycolate       A_slope  Max_Meta_slope
0             1000  27.7194  9.3553  0.010408  5.0051   1.3325        4.6776        9.3553  1.658500e-11        0.000003
No more input.
Sucrose export rate =-0.6963753321359003
PRPPSYN_RXN_p	-0.0007958574493372136=0.0
ATP_ADP_Pi_pc	3.0699305602927622=0.0
3.0699305602927622
SULFATE_ADENYLYLTRANS_RXN_p	-0.0007958574493373456=3.0699305602927622
PEPDEPHOS_RXN_p	0.014508267463589682=3.0699305602927622
ADENYL_KIN_RXN_p	-0.00238757234801116=3.0699305602927622
ASPARTATEKIN_RXN_p	-0.010711812071621462=3.0699305602927622
HOMOSERKIN_RXN_p	-0.008603865103213837=3.0699305602927622
SHIKIMATE_KINASE_RXN_p	-0.006216292470064598=3.0699305602927622
GLUTAMINESYN_RXN_p	-4.781633086777722=3.0699305602927622
PHOSGLYPHOS_RXN_p	1.728695159536303=3.0699305602927622
Extra APTase flux =3.0699305602927622
ACETOLACTREDUCTOISOM_RXN_p	-0.0045923129363476855=0.0
ASPARTATE_SEMIALDEHYDE_DEHYDROGENASE_RXN_p	-0.010711812071621462=0.0
ACETOOHBUTREDUCTOISOM_RXN_p	-0.0016562440737135707=0.0
GLU6PDEHYDROG_RXN_p	0.5965462866132956=0.0
GLUTATHIONE_REDUCT_NADPH_RXN_p	-0.0007958574493373456=0.0
SHIKIMATE_5_DEHYDROGENASE_RXN_p	-0.006216292470064598=0.0
6PGLUCONDEHYDROG_RXN_p	0.5965462866132953=0.0
NADPHoxp_tx	-0.8544444444444445=0.0
1_PERIOD_18_PERIOD_1_PERIOD_2_RXN_p	-0.3146756097810585=0.0
PYRUVDEH_RXN_p	0.0023553079981105353=0.0
HOMOSERDEHYDROG_RXN_NAD_p	-0.008603865103213837=0.0
3_ISOPROPYLMALDEHYDROG_RXN_p	0.001957379273438018=0.0
GLUTAMATE_SYNTHASE_NADH_RXN_p	-4.75795094816144=0.0
MALATE_DEH_RXN_p	3.0288164442107193=0.0
3.0288164442107193
GAPOXNPHOSPHN_RXN_p	1.7286951595363031=3.0288164442107193
PGLYCDEHYDROG_RXN_p	0.00604261176515748=3.0288164442107193
DIHYDROPICRED_RXN_NAD_p	-0.002107946968407627=3.0288164442107193
Extra NADPH flux =3.0288164442107193

ODE ATPase 0.0
FBA ATPase 3.07
ODE NADPHox 0.0
FBA NADPHox 3.029
Loop 1

ans =

   2.9122e-08


   Light intensity       Vc      Vo      VPGA    VT3P  Vstarch  Vt_glycerate  Vt_glycolate       A_slope  Max_Meta_slope
0             1000  27.6964  9.3475  0.010465  5.0165   1.3236        4.6738        9.3475  7.566000e-11    2.912200e-08
No more input.
Sucrose export rate =-0.8311240901189122
PHOSGLYPHOS_RXN_p	1.2628638246261767=3.07
PRPPSYN_RXN_p	-0.0009498560157436253=3.07
ATP_source_from_ODE	3.07=3.07
SULFATE_ADENYLYLTRANS_RXN_p	-0.0009498560157436252=3.07
ASPARTATEKIN_RXN_p	-0.012784549725824046=3.07
ATP_ADP_Pi_pc	0.448336697823602=3.07
0.448336697823602
SHIKIMATE_KINASE_RXN_p	-0.007419146234328729=3.5183366978236017
GLUTAMINESYN_RXN_p	-4.797853833662287=3.5183366978236017
PEPDEPHOS_RXN_p	0.05424964191260703=3.5183366978236017
HOMOSERKIN_RXN_p	-0.010268714621871114=3.5183366978236017
ADENYL_KIN_RXN_p	-0.00284956804722957=3.5183366978236017
Extra APTase flux =3.5183366978236017
SHIKIMATE_5_DEHYDROGENASE_RXN_p	-0.007419146234328729=3.029
NADPH_source_from_ODE	3.029=3.029
ACETOLACTREDUCTOISOM_RXN_p	-0.005480926354838803=3.029
1_PERIOD_18_PERIOD_1_PERIOD_2_RXN_p	-2.132684871877071=3.029
NADPHoxp_tx	-0.8544444444444445=3.029
ACETOOHBUTREDUCTOISOM_RXN_p	-0.001976727614055396=3.029
ASPARTATE_SEMIALDEHYDE_DEHYDROGENASE_RXN_p	-0.012784549725824044=3.029
HOMOSERDEHYDROG_RXN_NADP_p	-0.010268714621871114=3.029
GLUTATHIONE_REDUCT_NADPH_RXN_p	-0.0009498560157436253=3.029
DIHYDROPICRED_RXN_NADP_p	-0.002515835103951325=3.029
PGLYCDEHYDROG_RXN_p	0.007321533289681694=3.029
MALATE_DEH_RXN_p	1.7357123894402144=3.029
1.7357123894402144
3_ISOPROPYLMALDEHYDROG_RXN_p	0.0023361325316680072=4.764712389440215
PYRUVDEH_RXN_p	0.0028110605395397217=4.764712389440215
GLUTAMATE_SYNTHASE_NADH_RXN_p	-3.0124697244508973=4.764712389440215
GAPOXNPHOSPHN_RXN_p	1.26286382462618=4.764712389440215
Extra NADPH flux =4.764712389440215

ODE ATPase 3.07
FBA ATPase 3.518
ODE NADPHox 3.029
FBA NADPHox 4.765
Loop 2

ans =

   8.8820e-07


   Light intensity      Vc      Vo      VPGA    VT3P  Vstarch  Vt_glycerate  Vt_glycolate       A_slope  Max_Meta_slope
0             1000  27.695  9.3471  0.010474  5.0185   1.3224        4.6735        9.3471  3.115200e-10    8.882000e-07
No more input.
Sucrose export rate =-0.8909794053095611
ADENYL_KIN_RXN_p	-0.0030547862518918796=3.518
GDPKIN_RXN_p	-0.0005091310419818782=3.518
SHIKIMATE_KINASE_RXN_p	-0.007953453134562756=3.518
HOMOSERKIN_RXN_p	-0.011008239751273359=3.518
ATP_source_from_ODE	3.518=3.518
ACETYLGLUTKIN_RXN_p	-0.0005091310419818783=3.518
SULFATE_ADENYLYLTRANS_RXN_p	-0.001018262083963141=3.518
GLUTAMINESYN_RXN_p	-4.806591457019284=3.518
ASPARTATEKIN_RXN_p	-0.013705258513257542=3.518
ATPPHOSPHORIBOSYLTRANS_RXN_p	-0.0005091310419818782=3.518
ARGSUCCINSYN_RXN_p	-0.0005091310419818781=3.518
PEPDEPHOS_RXN_p	0.11390764887579209=3.518
PHOSGLYPHOS_RXN_p	0.9463207710777856=3.518
ATP_ADP_Pi_pc	0.2686669540945275=3.518
0.2686669540945275
CARBAMATE_KINASE_RXN_p	-0.0005091310419818781=3.7866669540945272
PRPPSYN_RXN_p	-0.0010182620839637561=3.7866669540945272
Extra APTase flux =3.7866669540945272
HOMOSERDEHYDROG_RXN_NADP_p	-0.011008239751273357=4.765
N_ACETYLGLUTPREDUCT_RXN_p	-0.0005091310419818782=4.765
SHIKIMATE_5_DEHYDROGENASE_RXN_p	-0.007953453134562758=4.765
1_PERIOD_18_PERIOD_1_PERIOD_2_RXN_p	-3.865669458176222=4.765
NADPH_source_from_ODE	4.765=4.765
ACETOLACTREDUCTOISOM_RXN_p	-0.005875647887286111=4.765
NADPHoxp_tx	-0.8544444444444445=4.765
GLUTATHIONE_REDUCT_NADPH_RXN_p	-0.0010182620839631412=4.765
ASPARTATE_SEMIALDEHYDE_DEHYDROGENASE_RXN_p	-0.013705258513257542=4.765
DIHYDROPICRED_RXN_NADP_p	-0.0026970187619841865=4.765
ACETOOHBUTREDUCTOISOM_RXN_p	-0.0021190862050191315=4.765
PYRUVDEH_RXN_p	0.0030135055373614653=4.765
MALATE_DEH_RXN_p	0.35212317192624576=4.765
0.35212317192624576
RXN_8001_p	0.0010182620839637561=5.117123171926245
GLUTAMATE_SYNTHASE_NADH_RXN_p	-1.313234425666286=5.117123171926245
PGLYCDEHYDROG_RXN_p	0.0077452095035672386=5.117123171926245
GAPOXNPHOSPHN_RXN_p	0.9463207710777854=5.117123171926245
3_ISOPROPYLMALDEHYDROG_RXN_p	0.0025043744953802023=5.117123171926245
PREPHENATEDEHYDROG_RXN_p	0.000509131041981878=5.117123171926245
Extra NADPH flux =5.117123171926245

ODE ATPase 3.518
FBA ATPase 3.787
ODE NADPHox 4.765
FBA NADPHox 5.117
Loop 3

