Loop 0

ans =

   2.7830e-06


   Light intensity       Vc      Vo      VPGA    VT3P  Vstarch  Vt_glycerate  Vt_glycolate       A_slope  Max_Meta_slope
0             1000  27.7194  9.3553  0.010408  5.0051   1.3325        4.6776        9.3553  1.658500e-11        0.000003
No more input.
Sucrose export rate =-0.7395976500153364
GLY3KIN_RXN_p	-0.007398859437298077=0.0
PRPPSYN_RXN_p	-0.0008452543795191937=0.0
ADENYL_KIN_RXN_p	-0.0025357631385453825=0.0
ATP_ADP_Pi_pc	3.2373427576433=0.0
3.2373427576433
ASPARTATEKIN_RXN_p	-0.01137666811287189=3.2373427576433
SULFATE_ADENYLYLTRANS_RXN_p	-0.0008452543795191402=3.2373427576433
GLUTAMINESYN_RXN_p	-4.801906688030833=3.2373427576433
HOMOSERKIN_RXN_p	-0.009137886018834362=3.2373427576433
PHOSGLYPHOS_RXN_p	1.5900101141517573=3.2373427576433
PEPDEPHOS_RXN_p	0.015408760228587679=3.2373427576433
SHIKIMATE_KINASE_RXN_p	-0.006602122577441582=3.2373427576433
Extra APTase flux =3.2373427576433
ACETOOHBUTREDUCTOISOM_RXN_p	-0.0017590431025367368=0.0
6PGLUCONDEHYDROG_RXN_p	0.4412203211757763=0.0
SHIKIMATE_5_DEHYDROGENASE_RXN_p	-0.006602122577441583=0.0
ASPARTATE_SEMIALDEHYDE_DEHYDROGENASE_RXN_p	-0.011376668112871888=0.0
1_PERIOD_18_PERIOD_1_PERIOD_2_RXN_p	-0.0025357631385574207=0.0
NADPHoxp_tx	-0.8544444444444445=0.0
GLU6PDEHYDROG_RXN_p	0.44122032117577636=0.0
ACETOLACTREDUCTOISOM_RXN_p	-0.004877346596181476=0.0
GLUTATHIONE_REDUCT_NADPH_RXN_p	-0.0008452543795191402=0.0
GLUTAMATE_SYNTHASE_NADH_RXN_p	-4.77675465684929=0.0
MALATE_DEH_RXN_p	3.1926955911823027=0.0
3.1926955911823027
HOMOSERDEHYDROG_RXN_NAD_p	-0.009137886018834362=3.1926955911823027
PYRUVDEH_RXN_p	0.0025014962191710643=3.1926955911823027
GAPOXNPHOSPHN_RXN_p	1.5900101141517573=3.1926955911823027
3_ISOPROPYLMALDEHYDROG_RXN_p	0.002078869029411521=3.1926955911823027
DIHYDROPICRED_RXN_NAD_p	-0.00223878209403753=3.1926955911823027
Extra NADPH flux =3.1926955911823027

ODE ATPase 0.0
FBA ATPase 3.237
ODE NADPHox 0.0
FBA NADPHox 3.193
Loop 1

ans =

   7.2900e-06


   Light intensity      Vc      Vo      VPGA    VT3P  Vstarch  Vt_glycerate  Vt_glycolate       A_slope  Max_Meta_slope
0             1000  27.693  9.3464  0.010467  5.0169   1.3229        4.6732        9.3464  6.757400e-09        0.000007
No more input.
Sucrose export rate =-0.884406750317849
PHOSGLYPHOS_RXN_p	1.0795914280079062=3.237
GLUTAMINESYN_RXN_p	-4.821785455436149=3.237
ATPPHOSPHORIBOSYLTRANS_RXN_p	-0.0005053752394744619=3.237
GLY3KIN_RXN_p	-0.00878772518243505=3.237
HOMOSERKIN_RXN_p	-0.010927033203154038=3.237
ACETYLGLUTKIN_RXN_p	-0.0005053752394744621=3.237
ASPARTATEKIN_RXN_p	-0.013604156360578264=3.237
ATP_source_from_ODE	3.237=3.237
ADENYL_KIN_RXN_p	-0.0030322514368448404=3.237
ATP_ADP_Pi_pc	0.5355626425169682=3.237
0.5355626425169682
CARBAMATE_KINASE_RXN_p	-0.0005053752394744619=3.7725626425169683
PEPDEPHOS_RXN_p	0.018425709653736636=3.7725626425169683
GDPKIN_RXN_p	-0.000505375239474462=3.7725626425169683
SULFATE_ADENYLYLTRANS_RXN_p	-0.0010107504789489635=3.7725626425169683
PRPPSYN_RXN_p	-0.0010107504789489239=3.7725626425169683
ARGSUCCINSYN_RXN_p	-0.0005053752394744619=3.7725626425169683
SHIKIMATE_KINASE_RXN_p	-0.007894781404178515=3.7725626425169683
Extra APTase flux =3.7725626425169683
DIHYDROPICRED_RXN_NADP_p	-0.002677123157424226=3.193
1_PERIOD_18_PERIOD_1_PERIOD_2_RXN_p	-2.2940005778748644=3.193
HOMOSERDEHYDROG_RXN_NADP_p	-0.010927033203154038=3.193
N_ACETYLGLUTPREDUCT_RXN_p	-0.0005053752394744621=3.193
NADPH_source_from_ODE	3.193=3.193
ASPARTATE_SEMIALDEHYDE_DEHYDROGENASE_RXN_p	-0.013604156360578264=3.193
ACETOLACTREDUCTOISOM_RXN_p	-0.005832303892816904=3.193
ACETOOHBUTREDUCTOISOM_RXN_p	-0.0021034539441158076=3.193
NADPHoxp_tx	-0.8544444444444445=3.193
SHIKIMATE_5_DEHYDROGENASE_RXN_p	-0.007894781404178517=3.193
GLUTATHIONE_REDUCT_NADPH_RXN_p	-0.001010750478948964=3.193
PREPHENATEDEHYDROG_RXN_p	0.0005053752394744618=3.193
RXN_8001_p	0.0010107504789489236=3.193
3_ISOPROPYLMALDEHYDROG_RXN_p	0.002485900006037254=3.193
MALATE_DEH_RXN_p	1.4141557412305727=3.193
1.4141557412305727
GLUTAMATE_SYNTHASE_NADH_RXN_p	-2.50074047020845=4.607155741230573
PYRUVDEH_RXN_p	0.0029912752455117566=4.607155741230573
GAPOXNPHOSPHN_RXN_p	1.0795914280079062=4.607155741230573
Extra NADPH flux =4.607155741230573

ODE ATPase 3.237
FBA ATPase 3.773
ODE NADPHox 3.193
FBA NADPHox 4.607
Loop 2

ans =

   1.7321e-06


   Light intensity       Vc      Vo      VPGA    VT3P  Vstarch  Vt_glycerate  Vt_glycolate       A_slope  Max_Meta_slope
0             1000  27.6922  9.3461  0.010479  5.0195   1.3216        4.6731        9.3461  3.808700e-10        0.000002
No more input.
Sucrose export rate =-0.9362072665379325
SHIKIMATE_KINASE_RXN_p	-0.008357186007076661=3.773
PHOSGLYPHOS_RXN_p	0.806758539144568=3.773
PEPDEPHOS_RXN_p	0.06312264344877927=3.773
GDPKIN_RXN_p	-0.0005349755317384198=3.773
SULFATE_ADENYLYLTRANS_RXN_p	-0.001069951063466716=3.773
CARBAMATE_KINASE_RXN_p	-0.0005349755317384197=3.773
PRPPSYN_RXN_p	-0.0010699510634768394=3.773
ACETYLGLUTKIN_RXN_p	-0.0005349755317384198=3.773
ATP_ADP_Pi_pc	0.23905931272092495=3.773
0.23905931272092495
GLUTAMINESYN_RXN_p	-4.830338242124997=4.012059312720925
GLY3KIN_RXN_p	-0.009252430322935743=4.012059312720925
HOMOSERKIN_RXN_p	-0.01156703958083598=4.012059312720925
ASPARTATEKIN_RXN_p	-0.014400964302324596=4.012059312720925
ARGSUCCINSYN_RXN_p	-0.0005349755317384196=4.012059312720925
ATP_source_from_ODE	3.773=4.012059312720925
ADENYL_KIN_RXN_p	-0.003209853190425441=4.012059312720925
ATPPHOSPHORIBOSYLTRANS_RXN_p	-0.0005349755317384198=4.012059312720925
Extra APTase flux =4.012059312720925
NADPH_source_from_ODE	4.607=4.607
HOMOSERDEHYDROG_RXN_NADP_p	-0.011567039580846752=4.607
ACETOOHBUTREDUCTOISOM_RXN_p	-0.0022266551748970184=4.607
ASPARTATE_SEMIALDEHYDE_DEHYDROGENASE_RXN_p	-0.014400964302324595=4.607
GLUTATHIONE_REDUCT_NADPH_RXN_p	-0.0010699510634667162=4.607
SHIKIMATE_5_DEHYDROGENASE_RXN_p	-0.008357186007076661=4.607
NADPHoxp_tx	-0.8544444444444445=4.607
N_ACETYLGLUTPREDUCT_RXN_p	-0.0005349755317384198=4.607
ACETOLACTREDUCTOISOM_RXN_p	-0.006173907292261493=4.607
1_PERIOD_18_PERIOD_1_PERIOD_2_RXN_p	-3.7053909518813994=4.607
DIHYDROPICRED_RXN_NADP_p	-0.0028339247214886182=4.607
GLUTAMATE_SYNTHASE_NADH_RXN_p	-1.096318867095693=4.607
PYRUVDEH_RXN_p	0.0031664769858978266=4.607
MALATE_DEH_RXN_p	0.28215742291577517=4.607
0.28215742291577517
GAPOXNPHOSPHN_RXN_p	0.806758539144568=4.889157422915775
PREPHENATEDEHYDROG_RXN_p	0.000534975531738417=4.889157422915775
RXN_8001_p	0.0010699510634768392=4.889157422915775
3_ISOPROPYLMALDEHYDROG_RXN_p	0.0026315014541695297=4.889157422915775
Extra NADPH flux =4.889157422915775

ODE ATPase 3.773
FBA ATPase 4.012
ODE NADPHox 4.607
FBA NADPHox 4.889
Loop 3

