PRO_PROTON_vc,PROTON_v + PRO_c --> PROTON_c + PRO_v,0.0
Ca_tx, <=> CAII_e,0.0
H2O_xc,WATER_x <=> WATER_c,4.918057679407067
sCIT_biomass,sCIT_b <-- CIT_c,0.0
ACETYLGLUTKIN_RXN_p,ACETYL_GLU_p + 0.9 ATP_p + 0.1 PROTON_p + 0.1 aATP_p --> 0.8 ADP_p + N_ACETYL_GLUTAMYL_P_p + 0.2 aADP_p,0.00041058014809392554
2KG_OAA_mc,2_KETOGLUTARATE_m + OXALACETIC_ACID_c <=> 2_KETOGLUTARATE_c + OXALACETIC_ACID_m,0.031508453550857164
LEUCINE_TRNA_LIGASE_RXN_c,0.65 ATP_c + LEU_c + LEU_tRNAs_c + PROTON_c + 0.35 aATP_c --> AMP_c + Charged_LEU_tRNAs_c + 0.65 PPI_c + 0.35 aPPI_c,0.0
DIAMINOPIMDECARB_RXN_p,MESO_DIAMINOPIMELATE_p + PROTON_p --> CARBON_DIOXIDE_p + LYS_p,0.0021749653263492532
ASPARTATE_TRNA_LIGASE_RXN_c,ASP_tRNAs_c + 0.65 ATP_c + L_ASPARTATE_c + PROTON_c + 0.35 aATP_c --> AMP_c + Charged_ASP_tRNAs_c + 0.65 PPI_c + 0.35 aPPI_c,0.0
F16ALDOLASE_RXN_p,FRUCTOSE_16_DIPHOSPHATE_p <=> DIHYDROXY_ACETONE_PHOSPHATE_p + GAP_p,0.0
RXN_7978_p,CPD1F_130_p + OXYGEN_MOLECULE_p + 2.0 PROTON_p + 2.0 Reduced_ferredoxins_p --> CPD1F_131_p + 2.0 Oxidized_ferredoxins_p + WATER_p,0.0
Photon_tx, --> Photon_e,0.0
2_METHYL_ACETO_ACETYL_COA_xc,2_METHYL_ACETO_ACETYL_COA_x <=> 2_METHYL_ACETO_ACETYL_COA_c,0.0
F16ALDOLASE_RXN_c,FRUCTOSE_16_DIPHOSPHATE_c <=> DIHYDROXY_ACETONE_PHOSPHATE_c + GAP_c,-1.6716740679029496
RXN_9532_p,3_oxo_dodecanoyl_ACPs_p + NADPH_p + PROTON_p --> NADP_p + R_3_hydroxydodecanoyl_ACPs_p,0.0
RXN_5642_c,0.88 CPD_406_c + S_ADENOSYLMETHIONINE_c + 0.12 aCPD_406_c --> ADENOSYL_HOMO_CYS_c + 0.88 CPD_5441_c + 0.12 aCPD_5441_c,0.0
L_ASCORBATE_PEROXIDASE_RXN_p,ASCORBATE_p + HYDROGEN_PEROXIDE_p --> L_DEHYDRO_ASCORBATE_p + 2.0 WATER_p,0.0
L_ASCORBATE_PEROXIDASE_RXN_m,ASCORBATE_m + HYDROGEN_PEROXIDE_m --> L_DEHYDRO_ASCORBATE_m + 2.0 WATER_m,0.0
SER_PROTON_vc,PROTON_v + SER_c --> PROTON_c + SER_v,0.0
PYRUVATE_PROTON_mc,PROTON_m + PYRUVATE_m <=> PROTON_c + PYRUVATE_c,-0.42141404939650384
NADH_DEHYDROG_A_RXN_mi,NADH_m + 5.0 PROTON_m + UBIQUINONE_mi --> NAD_m + 4.0 PROTON_i + UBIQUINOL_mi,1.1988011754125816
L_ALPHA_ALANINE_PROTON_vc,L_ALPHA_ALANINE_c + PROTON_v --> L_ALPHA_ALANINE_v + PROTON_c,0.0
NADH_DEHYDROG_A_RXN_mc,NADH_m + 5.0 PROTON_m + UBIQUINONE_mc --> NAD_m + 4.0 PROTON_c + UBIQUINOL_mc,0.0
ACETYL_COA_ACETYLTRANSFER_RXN_x,ACETOACETYL_COA_x + CO_A_x --> 2.0 ACETYL_COA_x,1.8830098433842043e-13
pTHR_biomass,2.0 PROTON_c + THR_tRNAs_c + pTHR_b <-- Charged_THR_tRNAs_c + Protein_polymerisation_cost_c + Protein_processing_cost_c + Protein_tranlocation_cost_c + WATER_c,0.0
Starch_biomass,Starch_b <-- STARCH_p,0.0
MAL_Pi_mc,MAL_m + 0.7 Pi_c + 0.3 aPi_c <=> MAL_c + 0.3 PROTON_c + Pi_m,0.0
ALANINE_GLYOXYLATE_AMINOTRANSFERASE_RXN_x,GLYOX_x + L_ALPHA_ALANINE_x --> GLY_x + PYRUVATE_x,0.0
RXN_9663_p,2_Hexadecenoyl_ACPs_p + NADH_p + PROTON_p --> NAD_p + Palmitoyl_ACPs_p,0.0
H_pc,PROTON_p <=> PROTON_c,0.4694341584546542
H_mc,PROTON_c --> PROTON_m,2.4729261465911523
2_METHYL_3_HYDROXY_BUTYRYL_COA_mc,2_METHYL_3_HYDROXY_BUTYRYL_COA_m <=> 2_METHYL_3_HYDROXY_BUTYRYL_COA_c,0.0
RIBULOSE_BISPHOSPHATE_CARBOXYLASE_RXN_p,CARBON_DIOXIDE_p + D_RIBULOSE_15_P2_p + WATER_p --> 2.0 G3P_p + 2.0 PROTON_p,0.0
IGPSYN_RXN_p,CARBOXYPHENYLAMINO_DEOXYRIBULOSE_P_p + PROTON_p --> CARBON_DIOXIDE_p + INDOLE_3_GLYCEROL_P_p + WATER_p,0.00041058014809392543
5_METHYL_THF_pc,5_METHYL_THF_p <=> 5_METHYL_THF_c,0.0
ASN_PROTON_vc,ASN_c + PROTON_v --> ASN_v + PROTON_c,0.0
WATER_vc,WATER_v <=> WATER_c,0.0
RXN_9652_p,Decanoyl_ACPs_p + MALONYL_COA_p + PROTON_p --> 3_oxo_dodecanoyl_ACPs_p + CARBON_DIOXIDE_p + CO_A_p,0.0
FUMHYDR_RXN_m,FUM_m + WATER_m <=> MAL_m,0.3899055958456459
RXN0_884_p,0.79 HYDROXY_METHYL_BUTENYL_DIP_p + 2.0 PROTON_p + 2.0 Reduced_ferredoxins_p + 0.21 aHYDROXY_METHYL_BUTENYL_DIP_p --> 0.79 CPD_4211_p + 2.0 Oxidized_ferredoxins_p + WATER_p + 0.21 aCPD_4211_p,0.0
HS_pc,HS_p + 0.15 PROTON_c <=> 0.85 HS_c + 0.15 aHS_c,0.0004105801480939254
FUMHYDR_RXN_c,FUM_c + WATER_c <=> MAL_c,0.000821160296187851
GLUTAMINE_TRNA_LIGASE_RXN_c,0.65 ATP_c + GLN_c + GLN_tRNAs_c + PROTON_c + 0.35 aATP_c --> AMP_c + Charged_GLN_tRNAs_c + 0.65 PPI_c + 0.35 aPPI_c,0.0
ALANINE_AMINOTRANSFERASE_RXN_m,2_KETOGLUTARATE_m + L_ALPHA_ALANINE_m <=> GLT_m + PYRUVATE_m,0.0
Nitrate_ec,NITRATE_e + 2.0 PROTON_e --> NITRATE_c + 2.0 PROTON_c,0.0
GLYCOGENSYN_RXN_p,ADP_D_GLUCOSE_p --> 0.8 ADP_p + 0.8 PROTON_p + STARCH_p + 0.2 aADP_p,0.0
NITRATE_vc,NITRATE_v --> NITRATE_c,0.0
RXN_1841_v,FRUCTAN_v + WATER_v --> FRU_v,0.0
ALANINE_AMINOTRANSFERASE_RXN_x,2_KETOGLUTARATE_x + L_ALPHA_ALANINE_x <=> GLT_x + PYRUVATE_x,0.0
MALSYN_RXN_x,ACETYL_COA_x + GLYOX_x + WATER_x --> CO_A_x + MAL_x + PROTON_x,0.0008211602965606988
MYO_INOSITOL_1OR_4_MONOPHOSPHATASE_RXN_c,1_L_MYO_INOSITOL_1_P_c + 0.3 PROTON_c + WATER_c --> MYO_INOSITOL_c + 0.7 Pi_c + 0.3 aPi_c,0.0
ORNITHINE_CITRULLINE_pc,L_CITRULLINE_c + L_ORNITHINE_p <=> L_CITRULLINE_p + L_ORNITHINE_c,0.0
RXN0_2301_m,ISOVALERYL_COA_m + UBIQUINONE_mi --> 3_METHYL_CROTONYL_COA_m + UBIQUINOL_mi,0.0
GLT_xc,GLT_x <=> GLT_c,-2.478740849623758
pGLU_biomass,GLT_tRNAs_c + 2.0 PROTON_c + pGLU_b <-- Charged_GLT_tRNAs_c + Protein_polymerisation_cost_c + Protein_processing_cost_c + Protein_tranlocation_cost_c + WATER_c,0.0
UREASE_RXN_c,2.0 PROTON_c + UREA_c + WATER_c --> 2.0 AMMONIUM_c + CARBON_DIOXIDE_c,0.0
ALANINE_AMINOTRANSFERASE_RXN_c,2_KETOGLUTARATE_c + L_ALPHA_ALANINE_c <=> GLT_c + PYRUVATE_c,-0.0038061892717478492
DIAMINOPIMEPIM_RXN_p,LL_DIAMINOPIMELATE_p --> MESO_DIAMINOPIMELATE_p,0.0021749653263492532
sFUM_biomass,sFUM_b <-- FUM_c,0.0
GLURS_RXN_c,0.65 ATP_c + GLT_c + GLT_tRNAs_c + PROTON_c + 0.35 aATP_c --> AMP_c + Charged_GLT_tRNAs_c + 0.65 PPI_c + 0.35 aPPI_c,0.0
ISOBUTYRYL_COA_xc,ISOBUTYRYL_COA_x <=> ISOBUTYRYL_COA_c,0.0
2K_ADIPATE_mc,2K_ADIPATE_m <=> 2K_ADIPATE_c,-1.8830098433842046e-13
GABATRANSAM_RXN_m,2_KETOGLUTARATE_m + 4_AMINO_BUTYRATE_m --> GLT_m + SUCC_S_ALD_m,0.0
1_ACYLGLYCEROL_3_P_ACYLTRANSFER_RXN_p,ACYL_SN_GLYCEROL_3P_p + Fatty_acyl_ACP_p --> ACP_p + L_PHOSPHATIDATE_p,0.0
GLY_PROTON_rev_vc,GLY_v + PROTON_v --> GLY_c + PROTON_c,0.0
THREDEHYD_RXN_p,THR_p --> 2_OXOBUTANOATE_p + AMMONIUM_p,0.0
MANNPISOM_RXN_c,FRUCTOSE_6P_c <=> MANNOSE_6P_c,0.0
ATP_pc,0.9 ATP_p + 0.35 PROTON_c + 0.1 aATP_p <=> 0.65 ATP_c + 0.1 PROTON_p + 0.35 aATP_c,-1.5247348609405354e-14
PROPCOASYN_RXN_x,NAD_x + PROPIONYL_COA_x --> ACRYLYL_COA_x + NADH_x + PROTON_x,0.0
OAA_Pi_mc,OXALACETIC_ACID_m + 0.7 Pi_c + 0.3 aPi_c <=> OXALACETIC_ACID_c + 0.3 PROTON_c + Pi_m,-5.372747504261595e-16
ACSERLY_RXN_c,ACETYLSERINE_c + 0.85 HS_c + 0.15 aHS_c --> ACET_c + CYS_c + 0.15 PROTON_c,0.00041058014809392543
ACETOOHBUTSYN_RXN_p,2_OXOBUTANOATE_p + PROTON_p + PYRUVATE_p --> 2_ACETO_2_HYDROXY_BUTYRATE_p + CARBON_DIOXIDE_p,0.0017089013557172144
2_ISOPROPYLMALATESYN_RXN_p,2_KETO_ISOVALERATE_p + ACETYL_COA_p + WATER_p --> 3_CARBOXY_3_HYDROXY_ISOCAPROATE_p + CO_A_p + PROTON_p,0.0020196106039679514
3_ISOPROPYLMALISOM_RXN_p,3_CARBOXY_3_HYDROXY_ISOCAPROATE_p --> CPD_9451_p + WATER_p,0.002019610603967952
4_AMINO_BUTYRATE_PROTON_rev_vc,4_AMINO_BUTYRATE_v + PROTON_v --> 4_AMINO_BUTYRATE_c + PROTON_c,0.0
GLUC1PADENYLTRANS_RXN_p,0.9 ATP_p + GLC_1_P_p + 0.45 PROTON_p + 0.1 aATP_p --> ADP_D_GLUCOSE_p + 0.55 PPI_p + 0.45 bPPI_p,-2.0298101119480188e-17
ACONITATEHYDR_RXN_c,CIS_ACONITATE_c + WATER_c <=> THREO_DS_ISO_CITRATE_c,0.0
PROTONATP_rev_vc,0.65 ATP_c + 1.45 PROTON_c + WATER_c + 0.35 aATP_c --> 0.5 ADP_c + 2.0 PROTON_v + 0.7 Pi_c + 0.5 aADP_c + 0.3 aPi_c,0.0
MALTODEXGLUCOSID_RXN_p,STARCH_p + WATER_p --> GLC_p,-2.820384303928288e-17
PGLYCDEHYDROG_RXN_p,G3P_p + NAD_p <=> 3_P_HYDROXYPYRUVATE_p + NADH_p + PROTON_p,0.0
ACETOOHBUTREDUCTOISOM_RXN_p,2_ACETO_2_HYDROXY_BUTYRATE_p + NADPH_p + PROTON_p --> 1_KETO_2_METHYLVALERATE_p + NADP_p,0.0017089013557172144
THR_PROTON_rev_vc,PROTON_v + THR_v --> PROTON_c + THR_c,0.0
ACSERLY_RXN_p,ACETYLSERINE_p + HS_p --> ACET_p + CYS_p,0.00041058014809017127
Beta_Oxidation_x,0.65 ATP_x + 8.0 CO_A_x + 7.0 NAD_x + 7.0 OXYGEN_MOLECULE_x + PALMITATE_x + 7.0 WATER_x + 0.35 aATP_x --> 8.0 ACETYL_COA_x + AMP_x + 7.0 HYDROGEN_PEROXIDE_x + 7.0 NADH_x + 0.65 PPI_x + 7.0 PROTON_x + 0.35 aPPI_x,0.0
RXN_9661_p,Dodec_2_enoyl_ACPs_p + NADH_p + PROTON_p --> Dodecanoyl_ACPs_p + NAD_p,0.0
ACONITATEHYDR_RXN_m,CIS_ACONITATE_m + WATER_m <=> THREO_DS_ISO_CITRATE_m,0.4287886490554499
RXN_6883_mi,2.0 Oxidized_Ferroproteins_m + UBIQUINOL_mi --> 2.0 PROTON_m + 2.0 Reduced_Ferroproteins_m + UBIQUINONE_mi,0.0
H_tx,PROTON_e --> ,10.324675773935764
GLUTARYL_COA_DEHYDROG_RXN_m,GLUTARYL_COA_m + UBIQUINONE_mi --> GLUTACONYL_COA_m + UBIQUINOL_mi,1.8830098433842038e-13
PRPPAMIDOTRANS_RXN_p,GLN_p + 0.8 PRPP_p + WATER_p + 0.2 aPRPP_p --> 0.5 5_P_BETA_D_RIBOSYL_AMINE_p + GLT_p + 0.55 PPI_p + 2.15 PROTON_p + 0.5 a5_P_BETA_D_RIBOSYL_AMINE_p + 0.45 bPPI_p,0.0
lycopene_biosynthesis_p,1.58 GERANYLGERANYL_PP_p + 4.0 PLASTOQUINONE_p + 0.42 aGERANYLGERANYL_PP_p --> CPD1F_114_p + 4.0 PLASTOQUINOL_1_p + 1.1 PPI_p + 1.32 PROTON_p + 0.9 bPPI_p,0.0
1_PERIOD_5_PERIOD_1_PERIOD_8_RXN_c,2_KETOGLUTARATE_c + LYS_c + NADPH_c + PROTON_c --> NADP_c + SACCHAROPINE_c + WATER_c,1.8830098433842046e-13
RXN_6883_mc,2.0 Oxidized_Ferroproteins_m + UBIQUINOL_mc --> 2.0 PROTON_m + 2.0 Reduced_Ferroproteins_m + UBIQUINONE_mc,0.0
RXN_13202_p,AMMONIUM_p + 1.8 ATP_p + CARBON_DIOXIDE_p + WATER_p + 0.2 aATP_p --> 1.6 ADP_p + CARBAMOYL_P_p + 2.8 PROTON_p + Pi_p + 0.4 aADP_p,0.0
RXN_9650_p,Hexanoyl_ACPs_p + MALONYL_COA_p + PROTON_p --> 3_Oxo_octanoyl_ACPs_p + CARBON_DIOXIDE_p + CO_A_p,0.0
DHAP_Pi_pc,DIHYDROXY_ACETONE_PHOSPHATE_p + 0.7 Pi_c + 0.3 aPi_c <=> DIHYDROXY_ACETONE_PHOSPHATE_c + 0.3 PROTON_c + Pi_p,0.0
H_im,PROTON_i --> PROTON_m,0.0
CDPKIN_RXN_p,0.8 ADP_p + 0.79 CTP_p + 0.2 aADP_p + 0.21 aCTP_p <=> 0.9 ATP_p + 0.79 CDP_p + 0.1 PROTON_p + 0.1 aATP_p + 0.21 aCDP_p,0.0
H2O_pc,WATER_p <=> WATER_c,0.047014555239263886
RXN_7703_c,NADP_c + 0.3 PROTON_c + WATER_c --> NAD_c + 0.7 Pi_c + 0.3 aPi_c,0.0
CDPKIN_RXN_m,0.9 ATP_m + 0.79 CDP_m + 0.1 PROTON_m + 0.1 aATP_m + 0.21 aCDP_m --> 0.8 ADP_m + 0.79 CTP_m + 0.2 aADP_m + 0.21 aCTP_m,0.0
OAA_ISOCITRATE_mc,OXALACETIC_ACID_m + PROTON_c + THREO_DS_ISO_CITRATE_c <=> OXALACETIC_ACID_c + PROTON_m + THREO_DS_ISO_CITRATE_m,0.0
3PGAREARR_RXN_p,G3P_p <=> 2_PG_p,0.08936329009414382
RXN_14903_m,PRO_m + UBIQUINONE_mc --> L_DELTA1_PYRROLINE_5_CARBOXYLATE_m + PROTON_c + UBIQUINOL_mc,0.0
FGAMSYN_RXN_p,5_P_RIBOSYL_N_FORMYLGLYCINEAMIDE_p + 0.9 ATP_p + GLN_p + WATER_p + 0.1 aATP_p --> 0.8 5_PHOSPHORIBOSYL_N_FORMYLGLYCINEAMIDINE_p + 0.8 ADP_p + GLT_p + 1.7 PROTON_p + Pi_p + 0.2 a5_PHOSPHORIBOSYL_N_FORMYLGLYCINEAMIDINE_p + 0.2 aADP_p,0.0
2_METHYL_3_HYDROXY_BUTYRYL_COA_xc,2_METHYL_3_HYDROXY_BUTYRYL_COA_x <=> 2_METHYL_3_HYDROXY_BUTYRYL_COA_c,0.0
ASN_PROTON_rev_vc,ASN_v + PROTON_v --> ASN_c + PROTON_c,0.0
ISOCITRATE_DEHYDROGENASE_NAD_RXN_m,NAD_m + THREO_DS_ISO_CITRATE_m --> 2_KETOGLUTARATE_m + CARBON_DIOXIDE_m + NADH_m,0.0
1TRANSKETO_RXN_p,D_SEDOHEPTULOSE_7_P_p + GAP_p <=> RIBOSE_5P_p + XYLULOSE_5_PHOSPHATE_p,-0.08817725891508313
Sucrose_tx, --> SUCROSE_e,0.0
ADP_pc,0.8 ADP_p + 0.5 PROTON_c + 0.2 aADP_p <=> 0.5 ADP_c + 0.2 PROTON_p + 0.5 aADP_c,0.0
RXN_9536_p,3_oxo_myristoyl_ACPs_p + NADPH_p + PROTON_p --> NADP_p + R_3_hydroxymyristoyl_ACPs_p,0.0
GAP_Pi_pc,GAP_p + 0.7 Pi_c + 0.3 aPi_c <=> GAP_c + 0.3 PROTON_c + Pi_p,0.0
3_HYDROXYISOBUTYRATE_DEHYDROGENASE_RXN_m,CPD_12175_m + NAD_m --> CH3_MALONATE_S_ALD_m + NADH_m + PROTON_m,0.0
4_HYDROXYPHENYLPYRUVATE_DIOXYGENASE_RXN_c,OXYGEN_MOLECULE_c + 0.53 P_HYDROXY_PHENYLPYRUVATE_c + 0.47 aP_HYDROXY_PHENYLPYRUVATE_c --> CARBON_DIOXIDE_c + 0.92 HOMOGENTISATE_c + 0.39 PROTON_c + 0.08 aHOMOGENTISATE_c,0.0
MANNOSE_6_PHOSPHATE_6_REDUCTASE_RXN_c,MANNOSE_6P_c + NADPH_c + 3.0 PROTON_c --> MANNITOL_1P_c + NADP_c,0.0
MAL_ISOCITRATE_mc,MAL_m + PROTON_c + THREO_DS_ISO_CITRATE_c <=> MAL_c + PROTON_m + THREO_DS_ISO_CITRATE_m,0.0
RXN_12541_c,2.0 FeII_c + 2.0 OXYGEN_MOLECULE_c --> 2.0 FeIII_c + 2.0 SUPER_OXIDE_c,0.0
sALA_biomass,sALA_b <-- L_ALPHA_ALANINE_c,0.0
LYS_PROTON_vc,LYS_c + PROTON_v --> LYS_v + PROTON_c,0.0
IMPCYCLOHYDROLASE_RXN_p,PHOSPHORIBOSYL_FORMAMIDO_CARBOXAMIDE_p --> IMP_p + WATER_p,0.0004105801480939255
FERREDOXIN_NITRITE_REDUCTASE_RXN_p,NITRITE_p + 8.0 PROTON_p + 6.0 Reduced_ferredoxins_p --> AMMONIUM_p + 6.0 Oxidized_ferredoxins_p + 2.0 WATER_p,0.0
ASPARTATEKIN_RXN_p,0.9 ATP_p + L_ASPARTATE_p + 0.1 PROTON_p + 0.1 aATP_p --> 0.8 ADP_p + L_BETA_ASPARTYL_P_p + 0.2 aADP_p,0.011052374744827549
RXN_9523_p,Hexanoyl_ACPs_p + MALONYL_ACP_p + PROTON_p --> 3_Oxo_octanoyl_ACPs_p + ACP_p + CARBON_DIOXIDE_p,0.0
MALTODEG_RXN_c,MALTOSE_c <=> GLC_c + Heteroglycans_c,0.0
ARGINASE_RXN_m,ARG_m + WATER_m --> L_ORNITHINE_m + UREA_m,0.0
3_DEHYDROQUINATE_DEHYDRATASE_RXN_p,DEHYDROQUINATE_p --> 3_DEHYDRO_SHIKIMATE_p + PROTON_p + WATER_p,0.006413928235715598
ISOBUTYRYL_COA_mc,ISOBUTYRYL_COA_m <=> ISOBUTYRYL_COA_c,0.0
RXN_13161_m,0.92 CPD_11281_m + OXYGEN_MOLECULE_m + WATER_m + 0.05 aCPD_11281_m + 0.03 bCPD_11281_m --> GLUTATHIONE_m + 1.85 PROTON_m + 0.83 SO3_m + 0.17 aSO3_m,0.0
1_PERIOD_2_PERIOD_1_PERIOD_13_RXN_p,DPG_p + NADPH_p + PROTON_p --> GAP_p + NADP_p + Pi_p,0.0
ACETALD_mc,ACETALD_m <=> ACETALD_c,0.0
GAP_3PGA_pc,G3P_c + GAP_p <=> G3P_p + GAP_c,-0.414268664363884
HOMOSERDEHYDROG_RXN_NADP_p,L_ASPARTATE_SEMIALDEHYDE_p + NADPH_p + PROTON_p --> HOMO_SER_p + NADP_p,0.008877409418478607
TRP_TRNA_LIGASE_RXN_c,0.65 ATP_c + TRP_c + TRP_tRNAs_c + 0.35 aATP_c --> AMP_c + Charged_TRP_tRNAs_c + 0.65 PPI_c + PROTON_c + 0.35 aPPI_c,0.0
2KETO_4METHYL_PENTANOATE_DEHYDROG_RXN_m,2K_4CH3_PENTANOATE_m + CO_A_m + NAD_m --> CARBON_DIOXIDE_m + ISOVALERYL_COA_m + NADH_m,0.0
CYTOCHROME_C_OXIDASE_RXN_mc,4.0 Cytochromes_C_Reduced_mc + OXYGEN_MOLECULE_m + 8.0 PROTON_m --> 4.0 Cytochromes_C_Oxidized_mc + 4.0 PROTON_c + 2.0 WATER_m,0.0
1_PERIOD_1_PERIOD_1_PERIOD_178_RXN_x,2_METHYL_3_HYDROXY_BUTYRYL_COA_x + NAD_x --> 2_METHYL_ACETO_ACETYL_COA_x + NADH_x + PROTON_x,0.0
CYTOCHROME_C_OXIDASE_RXN_mi,4.0 Cytochromes_C_Reduced_mi + OXYGEN_MOLECULE_m + 8.0 PROTON_m --> 4.0 Cytochromes_C_Oxidized_mi + 4.0 PROTON_i + 2.0 WATER_m,0.7943533856292079
OAA_CIT_mc,CIT_c + OXALACETIC_ACID_m + PROTON_c <=> CIT_m + OXALACETIC_ACID_c + PROTON_m,0.0
SUCCINATE_COA_LIGASE_GDP_FORMING_RXN_m,0.2 GDP_m + Pi_m + SUC_COA_m + 0.8 aGDP_m --> CO_A_m + 0.9 GTP_m + 0.7 PROTON_m + SUC_m + 0.1 aGTP_m,0.0
RXN_5682_p,CPD_659_p + NADP_p --> CARBON_DIOXIDE_p + NADPH_p + TYR_p,0.0
RIBULP3EPIM_RXN_p,RIBULOSE_5P_p <=> XYLULOSE_5_PHOSPHATE_p,-0.08899841921127097
2_PERIOD_3_PERIOD_1_PERIOD_180_RXN_p,ACETYL_COA_p + MALONYL_ACP_p + PROTON_p --> Acetoacetyl_ACPs_p + CARBON_DIOXIDE_p + CO_A_p,0.0
pILE_biomass,ILE_tRNAs_c + 2.0 PROTON_c + pILE_b <-- Charged_ILE_tRNAs_c + Protein_polymerisation_cost_c + Protein_processing_cost_c + Protein_tranlocation_cost_c + WATER_c,0.0
SER_PROTON_rev_vc,PROTON_v + SER_v --> PROTON_c + SER_c,0.0
GGPP_biosynthesis_p,0.79 CPD_4211_p + 2.37 DELTA3_ISOPENTENYL_PP_p + 0.21 aCPD_4211_p + 0.63 aDELTA3_ISOPENTENYL_PP_p --> 0.79 GERANYLGERANYL_PP_p + 1.65 PPI_p + 1.98 PROTON_p + 0.21 aGERANYLGERANYL_PP_p + 1.35 bPPI_p,0.0
OAA_ACONITATE_mc,CIS_ACONITATE_c + OXALACETIC_ACID_m + PROTON_c <=> CIS_ACONITATE_m + OXALACETIC_ACID_c + PROTON_m,0.0
ADPREDUCT_RXN_p,0.8 ADP_p + 0.01 PROTON_p + Red_Thioredoxin_p + 0.2 aADP_p --> 0.79 DADP_p + Ox_Thioredoxin_p + WATER_p + 0.21 aDADP_p,0.0
pASP_biomass,ASP_tRNAs_c + 2.0 PROTON_c + pASP_b <-- Charged_ASP_tRNAs_c + Protein_polymerisation_cost_c + Protein_processing_cost_c + Protein_tranlocation_cost_c + WATER_c,0.0
HOMOSERDEHYDROG_RXN_NAD_p,L_ASPARTATE_SEMIALDEHYDE_p + NADH_p + PROTON_p --> HOMO_SER_p + NAD_p,0.0
AICARSYN_RXN_p,P_RIBOSYL_4_SUCCCARB_AMINOIMIDAZOLE_p --> AICAR_p + FUM_p,0.0
SERINE_TRNA_LIGASE_RXN_c,0.65 ATP_c + PROTON_c + SER_c + SER_tRNAs_c + 0.35 aATP_c --> AMP_c + Charged_SER_tRNAs_c + 0.65 PPI_c + 0.35 aPPI_c,0.0
H2O_tx, <=> WATER_e,-0.9279499987340879
TYR_PROTON_vc,PROTON_v + TYR_c --> PROTON_c + TYR_v,0.0
RXN0_5330_NADP_mi,NADPH_m + PROTON_m + UBIQUINONE_mi --> NADP_m + UBIQUINOL_mi,0.0
SUCROSE_PROTON_vc,PROTON_v + SUCROSE_c --> PROTON_c + SUCROSE_v,0.0
CDPREDUCT_RXN_p,0.79 CDP_p + Red_Thioredoxin_p + 0.21 aCDP_p --> 0.79 DCDP_p + Ox_Thioredoxin_p + WATER_p + 0.21 aDCDP_p,0.0
GLYCOLLATE_pc,GLYCOLLATE_p <=> GLYCOLLATE_c,-0.007189379266693095
PYRUVATEORTHOPHOSPHATE_DIKINASE_RXN_p,0.9 ATP_p + PYRUVATE_p + Pi_p + 0.1 aATP_p --> AMP_p + PHOSPHO_ENOL_PYRUVATE_p + 0.55 PPI_p + 1.55 PROTON_p + 0.45 bPPI_p,0.0
3PGA_Pi_pc,G3P_p + 0.7 Pi_c + 0.3 aPi_c <=> G3P_c + 0.3 PROTON_c + Pi_p,0.0
PYRROLINECARBDEHYDROG_RXN_NADP_m,L_DELTA1_PYRROLINE_5_CARBOXYLATE_m + NADP_m + 2.0 WATER_m --> GLT_m + NADPH_m + PROTON_m,0.0
MET_PROTON_rev_vc,MET_v + PROTON_v --> MET_c + PROTON_c,0.0
CATAL_RXN_x,2.0 HYDROGEN_PEROXIDE_x --> OXYGEN_MOLECULE_x + 2.0 WATER_x,2.45985
sGLU_biomass,sGLU_b <-- GLT_c,0.0
IMP_DEHYDROG_RXN_c,0.3 IMP_c + NAD_c + WATER_c + 0.7 aIMP_c --> NADH_c + 1.63 PROTON_c + 0.93 XANTHOSINE_5_PHOSPHATE_c + 0.07 aXANTHOSINE_5_PHOSPHATE_c,0.0
AMPSYN_RXN_p,ADENYLOSUCC_p --> AMP_p + FUM_p,0.00041058014809392554
RXN_9654_p,MALONYL_COA_p + Myristoyl_ACPs_p + PROTON_p --> 3_oxo_palmitoyl_ACPs_p + CARBON_DIOXIDE_p + CO_A_p,0.0
RIBULP3EPIM_RXN_c,RIBULOSE_5P_c <=> XYLULOSE_5_PHOSPHATE_c,0.25893900880570275
PYRUVATEORTHOPHOSPHATE_DIKINASE_RXN_c,0.65 ATP_c + PYRUVATE_c + 0.7 Pi_c + 0.35 aATP_c + 0.3 aPi_c --> AMP_c + PHOSPHO_ENOL_PYRUVATE_c + 0.65 PPI_c + 1.3 PROTON_c + 0.35 aPPI_c,0.0
MALATE_DEHYDROGENASE_NADP_RXN_p,NADPH_p + OXALACETIC_ACID_p + PROTON_p --> MAL_p + NADP_p,0.0
SUCCINATE_SEMIALDEHYDE_DEHYDROGENASE_RXN_m,NAD_m + SUCC_S_ALD_m + WATER_m --> NADH_m + 2.0 PROTON_m + SUC_m,0.0
DADPKIN_RXN_p,0.9 ATP_p + 0.79 DADP_p + 0.1 PROTON_p + 0.1 aATP_p + 0.21 aDADP_p --> 0.8 ADP_p + 0.79 DATP_p + 0.2 aADP_p + 0.21 aDATP_p,0.0
HOMOGENTISATE_12_DIOXYGENASE_RXN_c,0.92 HOMOGENTISATE_c + OXYGEN_MOLECULE_c + 0.08 aHOMOGENTISATE_c --> 4_MALEYL_ACETOACETATE_c + 0.08 PROTON_c,0.0
CYS_mc,0.92 CYS_m + 0.08 PROTON_m + 0.08 bCYS_m <=> CYS_c,0.0
RXN0_5330_NADP_mc,NADPH_m + PROTON_m + UBIQUINONE_mc --> NADP_m + UBIQUINOL_mc,0.0
2_PERIOD_7_PERIOD_7_PERIOD_13_RXN_c,0.65 GTP_c + MANNOSE_1P_c + PROTON_c + 0.35 aGTP_c --> GDP_MANNOSE_c + 0.65 PPI_c + 0.35 aPPI_c,0.0
NITRITE_pc,NITRITE_c + PROTON_c --> NITRITE_p + PROTON_p,0.0
ACONITATEDEHYDR_RXN_m,CIT_m <=> CIS_ACONITATE_m + WATER_m,0.4214140493965039
DIACYLGLYCEROL_pr,DIACYLGLYCEROL_p <=> DIACYLGLYCEROL_r,0.0
SUC_SO4_mc,SUC_m + SULFATE_c <=> SUC_c + SULFATE_m,0.0
sMAL_biomass,sMAL_b <-- MAL_c,0.0
HOMOCYSMETB12_RXN_p,5_METHYL_THF_p + HOMO_CYS_p --> MET_p + THF_p,0.0
TRIOSEPISOMERIZATION_RXN_c,GAP_c <=> DIHYDROXY_ACETONE_PHOSPHATE_c,1.6716740679029494
2KETO_3METHYLVALERATE_RXN_m,2_KETO_3_METHYL_VALERATE_m + CO_A_m + NAD_m --> 2_METHYL_BUTYRYL_COA_m + CARBON_DIOXIDE_m + NADH_m,0.0
RXN_3522_p,2.0 CPD_318_p + NADPH_p + PROTON_p --> 2.0 ASCORBATE_p + NADP_p,0.0
ACONITATEDEHYDR_RXN_c,CIT_c <=> CIS_ACONITATE_c + WATER_c,0.007374599658946015
HISTIDINE_TRNA_LIGASE_RXN_c,0.65 ATP_c + HIS_c + HIS_tRNAs_c + PROTON_c + 0.35 aATP_c --> AMP_c + Charged_HIS_tRNAs_c + 0.65 PPI_c + 0.35 aPPI_c,0.0
TRIOSEPISOMERIZATION_RXN_p,GAP_p <=> DIHYDROXY_ACETONE_PHOSPHATE_p,0.0
MANNPGUANYLTRANGDP_RXN_c,GDP_MANNOSE_c + 0.7 Pi_c + 0.3 aPi_c --> 0.5 GDP_c + MANNOSE_1P_c + 0.8 PROTON_c + 0.5 aGDP_c,0.0
O2_ec,OXYGEN_MOLECULE_e <=> OXYGEN_MOLECULE_c,1.3982033856292089
Protein_Polymerisation_c,1.3 GTP_c + 2.0 WATER_c + 0.7 aGTP_c --> GDP_c + 1.1 PROTON_c + 1.4 Pi_c + Protein_polymerisation_cost_c + aGDP_c + 0.6 aPi_c,0.0
RXN0_5224_c,CARBON_DIOXIDE_c + WATER_c <=> HCO3_c + PROTON_c,0.05827362758535093
4_PERIOD_2_PERIOD_1_PERIOD_61_RXN_p,R_3_Hydroxypalmitoyl_ACPs_p --> 2_Hexadecenoyl_ACPs_p + WATER_p,0.0
Pi_ec,3.0 PROTON_e + Pi_e <=> 2.7 PROTON_c + 0.7 Pi_c + 0.3 aPi_c,-3.7652760999999595
1_PERIOD_10_PERIOD_2_PERIOD_2_RXN_mc,2.0 Cytochromes_C_Oxidized_mc + 2.0 PROTON_m + UBIQUINOL_mc --> 2.0 Cytochromes_C_Reduced_mc + 4.0 PROTON_c + UBIQUINONE_mc,0.0
VAL_PROTON_vc,PROTON_v + VAL_c --> PROTON_c + VAL_v,0.0
ADENOSYLHOMOCYSTEINASE_RXN_c,ADENOSYL_HOMO_CYS_c + WATER_c --> ADENOSINE_c + HOMO_CYS_c,3.754200215426562e-15
DIHYDROOROT_RXN_p,CARBAMYUL_L_ASPARTATE_p + PROTON_p --> DI_H_OROTATE_p + WATER_p,0.0
PRO_GLU_mc,GLT_c + PRO_m <=> GLT_m + PRO_c,0.0
1_PERIOD_8_PERIOD_5_PERIOD_1_RXN_m,2.0 GLUTATHIONE_m + L_DEHYDRO_ASCORBATE_m --> ASCORBATE_m + 0.91 OXIDIZED_GLUTATHIONE_m + 0.09 PROTON_m + 0.09 bOXIDIZED_GLUTATHIONE_m,0.0
2_PERIOD_4_PERIOD_1_PERIOD_111_RXN_c,CONIFERYL_ALCOHOL_c + UDP_GLUCOSE_c --> CPD_1777_c + 0.5 PROTON_c + 0.5 UDP_c + 0.5 aUDP_c,0.0
RXN0_5224_p,CARBON_DIOXIDE_p + WATER_p <=> HCO3_p + PROTON_p,0.0
PROPIONYL_COA_mc,PROPIONYL_COA_m <=> PROPIONYL_COA_c,0.0
1_PERIOD_8_PERIOD_5_PERIOD_1_RXN_p,2.0 GLUTATHIONE_p + L_DEHYDRO_ASCORBATE_p --> ASCORBATE_p + 0.91 OXIDIZED_GLUTATHIONE_p + 0.09 PROTON_p + 0.09 bOXIDIZED_GLUTATHIONE_p,0.0
FRU_PROTON_rev_vc,FRU_c + PROTON_v --> FRU_v + PROTON_c,0.0
METHYLGLUTACONYL_COA_HYDRATASE_RXN_m,TRANS_3_METHYL_GLUTACONYL_COA_m + WATER_m --> 3_HYDROXY_3_METHYL_GLUTARYL_COA_m,0.0
RXN0_5224_m,CARBON_DIOXIDE_m + WATER_m <=> HCO3_m + PROTON_m,0.0
DUTP_PYROP_RXN_p,0.81 DUTP_p + WATER_p + 0.19 aDUTP_p --> DUMP_p + 0.55 PPI_p + 1.64 PROTON_p + 0.45 bPPI_p,0.0
1_PERIOD_10_PERIOD_2_PERIOD_2_RXN_mi,2.0 Cytochromes_C_Oxidized_mi + 2.0 PROTON_m + UBIQUINOL_mi --> 2.0 Cytochromes_C_Reduced_mi + 4.0 PROTON_i + UBIQUINONE_mi,1.5887067712584158
ALCOHOL_DEHYDROG_RXN_c,ETOH_c + NAD_c <=> ACETALD_c + NADH_c + PROTON_c,0.0
pMET_biomass,MET_tRNAs_c + 2.0 PROTON_c + pMET_b <-- Charged_MET_tRNAs_c + Protein_polymerisation_cost_c + Protein_processing_cost_c + Protein_tranlocation_cost_c + WATER_c,0.0
CO2_pc,CARBON_DIOXIDE_p <=> CARBON_DIOXIDE_c,0.019075333338349543
RXN_9527_p,MALONYL_ACP_p + Octanoyl_ACPs_p + PROTON_p --> 3_oxo_decanoyl_ACPs_p + ACP_p + CARBON_DIOXIDE_p,0.0
L_ASPARTATE_xc,L_ASPARTATE_x <=> L_ASPARTATE_c,0.0
sGABA_biomass,sGABA_b <-- 4_AMINO_BUTYRATE_c,0.0
Phytol_biosynthesis_p,0.79 GERANYLGERANYL_PP_p + 3.0 NADPH_p + 2.34 PROTON_p + WATER_p + 0.21 aGERANYLGERANYL_PP_p --> 3.0 NADP_p + PHYTOL_p + 0.55 PPI_p + 0.45 bPPI_p,0.0
GDPREDUCT_RXN_p,0.2 GDP_p + Red_Thioredoxin_p + 0.8 aGDP_p --> 0.5 DGDP_p + Ox_Thioredoxin_p + 1.1 PROTON_p + WATER_p + 0.1 aDGDP_p + 0.4 bDGDP_p,0.0
HISTCYCLOHYD_RXN_p,PHOSPHORIBOSYL_AMP_p + WATER_p --> PHOSPHORIBOSYL_FORMIMINO_AICAR_P_p,0.0004105801480939255
RXN_7677_p,CPD_7015_p + NADPH_p + OXYGEN_MOLECULE_p + PROTON_p --> CPD_7014_p + NADP_p + 2.0 WATER_p,0.0
HIS_CITRULLINE_mc,HIS_m + L_CITRULLINE_c <=> HIS_c + L_CITRULLINE_m,0.0
DIHYDROXYMETVALDEHYDRAT_RXN_p,1_KETO_2_METHYLVALERATE_p --> 2_KETO_3_METHYL_VALERATE_p + WATER_p,0.0017089013557172144
S_ADENMETSYN_RXN_c,0.65 ATP_c + MET_c + WATER_c + 0.35 aATP_c --> 0.65 PPI_c + 0.7 PROTON_c + 0.7 Pi_c + S_ADENOSYLMETHIONINE_c + 0.35 aPPI_c + 0.3 aPi_c,0.0
SUCCCOASYN_RXN_m,0.8 ADP_m + Pi_m + SUC_COA_m + 0.2 aADP_m --> 0.9 ATP_m + CO_A_m + 0.1 PROTON_m + SUC_m + 0.1 aATP_m,0.389905595845646
RXN_11832_m,0.9 ATP_m + CMP_m + 0.31 PROTON_m + 0.1 aATP_m --> 0.8 ADP_m + 0.79 CDP_m + 0.2 aADP_m + 0.21 aCDP_m,0.0
F16BDEPHOS_RXN_c,FRUCTOSE_16_DIPHOSPHATE_c + 0.3 PROTON_c + WATER_c --> FRUCTOSE_6P_c + 0.7 Pi_c + 0.3 aPi_c,1.6716740679029496
LEU_PROTON_rev_vc,LEU_v + PROTON_v --> LEU_c + PROTON_c,0.0
ALLYSINE_DEHYDROG_RXN_c,ALLYSINE_c + NAD_c + WATER_c --> CPD_468_c + NADH_c + 2.0 PROTON_c,1.8830098433842046e-13
Mehler_Reaction_p,OXYGEN_MOLECULE_p + Reduced_ferredoxins_p --> Oxidized_ferredoxins_p + SUPER_OXIDE_p,0.0
UREA_mc,UREA_m <=> UREA_c,0.0
Ca_ec,CAII_e --> CAII_c,0.0
RXN_11832_p,0.9 ATP_p + CMP_p + 0.31 PROTON_c + 0.1 aATP_p --> 0.8 ADP_p + 0.79 CDP_p + 0.2 aADP_p + 0.21 aCDP_p,0.0
1_PERIOD_2_PERIOD_1_PERIOD_2_RXN_p,FORMATE_p + NAD_p --> CARBON_DIOXIDE_p + NADH_p,0.0
LEU_mc,LEU_m <=> LEU_c,0.0
RXN_9516_p,Butanoyl_ACPs_p + MALONYL_ACP_p + PROTON_p --> 3_oxo_hexanoyl_ACPs_p + ACP_p + CARBON_DIOXIDE_p,0.0
F16BDEPHOS_RXN_p,FRUCTOSE_16_DIPHOSPHATE_p + WATER_p --> FRUCTOSE_6P_p + Pi_p,-1.4981699606513524e-16
sASP_biomass,sASP_b <-- L_ASPARTATE_c,0.0
HOMOCYSMETB12_RXN_c,5_METHYL_THF_c + HOMO_CYS_c --> MET_c + THF_c,0.00041058014809392543
Plastidial_ATP_Synthase_p,2.4 ADP_p + 14.0 PROTON_l + 3.0 Pi_p + 0.6 aADP_p --> 2.7 ATP_p + 11.3 PROTON_p + 3.0 WATER_p + 0.3 aATP_p,0.0
RXN_6384_x,3_HYDROXY_PROPIONYL_COA_x + WATER_x --> 3_HYDROXY_PROPIONATE_x + CO_A_x + 5.0 PROTON_x,0.0
1_PERIOD_2_PERIOD_1_PERIOD_2_RXN_m,FORMATE_m + NAD_m --> CARBON_DIOXIDE_m + NADH_m,0.0
NH3_pc,AMMONIUM_p <=> AMMONIUM_c,-2.5788558340175567
ASPARTATE_SEMIALDEHYDE_DEHYDROGENASE_RXN_p,L_BETA_ASPARTYL_P_p + NADPH_p + PROTON_p --> L_ASPARTATE_SEMIALDEHYDE_p + NADP_p + Pi_p,0.011052374744827549
CPD_14927_pc,CPD_14927_p <=> CPD_14927_c,0.0
3_PERIOD_2_PERIOD_1_PERIOD_48_RXN_v,SUCROSE_v + WATER_v --> FRU_v + GLC_v,0.0
ATP_ADP_Pi_pc,0.5 ADP_c + 0.9 ATP_p + 0.1 PROTON_p + 0.7 Pi_c + 0.5 aADP_c + 0.1 aATP_p + 0.3 aPi_c <=> 0.8 ADP_p + 0.65 ATP_c + 0.45 PROTON_c + Pi_p + 0.2 aADP_p + 0.35 aATP_c,-0.0002785204463136868
NADH_KINASE_RXN_c,0.65 ATP_c + NADH_c + 0.35 aATP_c --> 0.5 ADP_c + NADPH_c + 0.85 PROTON_c + 0.5 aADP_c,0.0
ACETYL_COA_CARBOXYLTRANSFER_RXN_p,ACETYL_COA_p + 0.9 ATP_p + HCO3_p + 0.1 aATP_p --> 0.8 ADP_p + MALONYL_COA_p + 0.9 PROTON_p + Pi_p + 0.2 aADP_p,0.0
PHOSPHOGLUCMUT_RXN_p,GLC_1_P_p <=> GLC_6_P_p,2.0298101119480188e-17
RXN_9549_p,Palmitoyl_ACPs_p + WATER_p --> ACP_p + PALMITATE_p + PROTON_p,0.0
2_METHYL_ACETO_ACETYL_COA_mc,2_METHYL_ACETO_ACETYL_COA_m <=> 2_METHYL_ACETO_ACETYL_COA_c,0.0
ISOCIT_CLEAV_RXN_x,THREO_DS_ISO_CITRATE_x --> GLYOX_x + SUC_x,0.0
LEU_pc,LEU_p <=> LEU_c,0.0020196106039679514
3_PERIOD_2_PERIOD_1_PERIOD_48_RXN_c,SUCROSE_c + WATER_c --> FRU_c + GLC_c,0.06796766590315781
MAL_SUC_mc,MAL_m + SUC_c <=> MAL_c + SUC_m,0.0
PEPDEPHOS_RXN_c,0.5 ADP_c + PHOSPHO_ENOL_PYRUVATE_c + 0.85 PROTON_c + 0.5 aADP_c --> 0.65 ATP_c + PYRUVATE_c + 0.35 aATP_c,0.3636543366087502
PEPDEPHOS_RXN_p,0.8 ADP_p + PHOSPHO_ENOL_PYRUVATE_p + 0.9 PROTON_p + 0.2 aADP_p --> 0.9 ATP_p + PYRUVATE_p + 0.1 aATP_p,0.0765354336227126
LEU_PROTON_vc,LEU_c + PROTON_v --> LEU_v + PROTON_c,0.0
RXN_1781_v,SUCROSE_v --> FRUCTAN_v + GLC_v,0.0
THREONINE_TRNA_LIGASE_RXN_c,0.65 ATP_c + PROTON_c + THR_c + THR_tRNAs_c + 0.35 aATP_c --> AMP_c + Charged_THR_tRNAs_c + 0.65 PPI_c + 0.35 aPPI_c,0.0
3_HYDROXY_PROPIONATE_mc,3_HYDROXY_PROPIONATE_m <=> 3_HYDROXY_PROPIONATE_c,0.0
2_METHYLACYL_COA_DEHYDROGENASE_RXN_m,2_METHYL_BUTYRYL_COA_m + UBIQUINONE_mi --> CPD_1083_m + UBIQUINOL_mi,0.0
6PGLUCONOLACT_RXN_p,D_6_P_GLUCONO_DELTA_LACTONE_p + WATER_p --> CPD_2961_p + PROTON_p,0.0
pLYS_biomass,LYS_tRNAs_c + 2.0 PROTON_c + pLYS_b <-- Charged_LYS_tRNAs_c + Protein_polymerisation_cost_c + Protein_processing_cost_c + Protein_tranlocation_cost_c + WATER_c,0.0
THREO_DS_ISO_CITRATE_xc,THREO_DS_ISO_CITRATE_x <=> THREO_DS_ISO_CITRATE_c,0.0
CIT_PROTON_vc,CIT_c + 0.5 PROTON_v --> 0.5 CIT_v + 0.5 aCIT_v,0.0
6PGLUCONOLACT_RXN_c,D_6_P_GLUCONO_DELTA_LACTONE_c + WATER_c --> CPD_2961_c + PROTON_c,0.2589390088057028
DSERDEAM_RXN_c,SER_c --> AMMONIUM_c + PYRUVATE_c,0.0
LYS_pc,LYS_p <=> LYS_c,0.0021749653263492532
CIT_xc,CIT_x <=> CIT_c,0.0
ISOCITDEH_RXN_m,NADP_m + THREO_DS_ISO_CITRATE_m <=> 2_KETOGLUTARATE_m + CARBON_DIOXIDE_m + NADPH_m,0.47333333333333333
PHE_PROTON_rev_vc,PHE_v + PROTON_v --> PHE_c + PROTON_c,0.0
GLUTACONYL_COA_mc,CO_A_c + GLUTACONYL_COA_m <=> CO_A_m + GLUTACONYL_COA_c,1.8830098433842038e-13
ARG_PROTON_vc,ARG_c + PROTON_v --> ARG_v + PROTON_c,0.0
RXN_7984_p,ASCORBATE_p + CPD1F_133_p --> CPD1F_131_p + L_DEHYDRO_ASCORBATE_p + WATER_p,0.0
NADPHoxm_tx,NADPH_m + 0.5 OXYGEN_MOLECULE_m + PROTON_m --> NADP_m + WATER_m,0.47333333333333333
PALMITATE_xc,PALMITATE_x <=> PALMITATE_c,0.0
NH3_mc,AMMONIUM_m <=> AMMONIUM_c,2.4729261465909698
PSERTRANSAM_RXN_p,3_P_HYDROXYPYRUVATE_p + GLT_p <=> 2_KETOGLUTARATE_p + 3_P_SERINE_p,0.0
BRANCHED_CHAINAMINOTRANSFERILEU_RXN_p,2_KETOGLUTARATE_p + ILE_p <=> 2_KETO_3_METHYL_VALERATE_p + GLT_p,-0.0017089013557172144
FUM_pc,FUM_p <=> FUM_c,0.000821160296187851
Ferredoxin_Plastoquinone_Reductase_p,PLASTOQUINONE_p + 2.0 PROTON_p + 2.0 Reduced_ferredoxins_p --> 2.0 Oxidized_ferredoxins_p + PLASTOQUINOL_1_p,0.0
BRANCHED_CHAINAMINOTRANSFERILEU_RXN_m,2_KETOGLUTARATE_m + ILE_m <=> 2_KETO_3_METHYL_VALERATE_m + GLT_m,0.0
ISOCITDEH_RXN_x,NADP_x + THREO_DS_ISO_CITRATE_x <=> 2_KETOGLUTARATE_x + CARBON_DIOXIDE_x + NADPH_x,0.0
Cellulose_biomass,Cellulose_b <-- CELLULOSE_c,0.0
RXN_7679_p,CPD_7016_p + 2.0 PROTON_p + 2.0 Reduced_ferredoxins_p --> CHLOROPHYLL_A_p + 2.0 Oxidized_ferredoxins_p + WATER_p,0.0
3PGAREARR_RXN_c,G3P_c <=> 2_PG_c,0.4219279641941011
RXN_9658_p,Hex_2_enoyl_ACPs_p + NADH_p + PROTON_p --> Hexanoyl_ACPs_p + NAD_p,0.0
RXN_1826_p,Pi_p + STARCH_p --> GLC_1_P_p,0.0
PHOSPHOGLUCMUT_RXN_c,GLC_1_P_c <=> GLC_6_P_c,-0.7864829910670439
CYS_TRNA_LIGASE_RXN_c,0.65 ATP_c + CYS_c + CYS_tRNAs_c + 0.35 aATP_c --> AMP_c + Charged_CYS_tRNAs_c + 0.65 PPI_c + PROTON_c + 0.35 aPPI_c,0.0
LCYSDESULF_RXN_c,CYS_c + WATER_c --> AMMONIUM_c + HS_c + PROTON_c + PYRUVATE_c,0.0
FattyAcid_biomass,AMP_c + FattyAcid_b + 0.65 PPI_c + 0.35 aPPI_c <-- 0.65 ATP_c + PALMITATE_c + WATER_c + 0.35 aATP_c,0.0
ISOCITDEH_RXN_c,NADP_c + THREO_DS_ISO_CITRATE_c <=> 2_KETOGLUTARATE_c + CARBON_DIOXIDE_c + NADPH_c,-0.04454468427788349
RXN_9514_p,Acetoacetyl_ACPs_p + NADPH_p + PROTON_p --> Beta_3_hydroxybutyryl_ACPs_p + NADP_p,0.0
PEPCARBOXYKIN_RXN_c,0.65 ATP_c + OXALACETIC_ACID_c + 0.15 PROTON_c + 0.35 aATP_c --> 0.5 ADP_c + CARBON_DIOXIDE_c + PHOSPHO_ENOL_PYRUVATE_c + 0.5 aADP_c,0.0
ARGSUCCINSYN_RXN_p,0.9 ATP_p + L_ASPARTATE_p + L_CITRULLINE_p + 0.1 aATP_p --> AMP_p + L_ARGININO_SUCCINATE_p + 0.55 PPI_p + 1.55 PROTON_p + 0.45 bPPI_p,0.00041058014809392543
OAA_SO4_mc,OXALACETIC_ACID_m + SULFATE_c <=> OXALACETIC_ACID_c + SULFATE_m,0.0
CO2_tx, <=> CARBON_DIOXIDE_e,-3.988730576459897
PREPHENATE_TRANSAMINE_RXN_p,GLT_p + PREPHENATE_p --> 2_KETOGLUTARATE_p + CPD_659_p,0.005592767939527748
CELLULOSE_SYNTHASE_UDP_FORMING_RXN_c,UDP_GLUCOSE_c --> CELLULOSE_c + 0.5 PROTON_c + 0.5 UDP_c + 0.5 aUDP_c,0.0
VAL_PROTON_rev_vc,PROTON_v + VAL_v --> PROTON_c + VAL_c,0.0
Mg_biomass,Mg_b <-- MGII_v,0.0
PHOSPHORYL_CHOLINE_mc,PHOSPHORYL_CHOLINE_m + 0.06 PROTON_c <=> 0.94 PHOSPHORYL_CHOLINE_c + 0.06 aPHOSPHORYL_CHOLINE_c,0.0
RXN_9660_p,NADH_p + PROTON_p + Trans_D2_decenoyl_ACPs_p --> Decanoyl_ACPs_p + NAD_p,0.0
DIHYDROPICRED_RXN_NADP_p,2_3_DIHYDRODIPICOLINATE_p + NADPH_p + PROTON_p --> DELTA1_PIPERIDEINE_2_6_DICARBOXYLATE_p + NADP_p,0.0021749653263492532
RXN_6884_m,OXYGEN_MOLECULE_m + 4.0 PROTON_m + 4.0 Reduced_Ferroproteins_m --> 4.0 Oxidized_Ferroproteins_m + 2.0 WATER_m,0.0
MALONYL_COA_ACP_TRANSACYL_RXN_p,ACP_p + MALONYL_COA_p --> CO_A_p + MALONYL_ACP_p,0.0
SUCROSE_PROTON_rev_vc,PROTON_v + SUCROSE_v --> PROTON_c + SUCROSE_c,0.0
O2_mc,OXYGEN_MOLECULE_m <=> OXYGEN_MOLECULE_c,-1.0310200522958748
CIT_ISOCITRATE_mc,CIT_m + THREO_DS_ISO_CITRATE_c <=> CIT_c + THREO_DS_ISO_CITRATE_m,0.0
LYSINE_TRNA_LIGASE_RXN_c,0.65 ATP_c + LYS_c + LYS_tRNAs_c + PROTON_c + 0.35 aATP_c --> AMP_c + Charged_LYS_tRNAs_c + 0.65 PPI_c + 0.35 aPPI_c,0.0
SULFATE_ADENYLYLTRANS_RXN_p,0.9 ATP_p + 0.45 PROTON_p + SULFATE_p + 0.1 aATP_p --> APS_p + 0.55 PPI_p + 0.45 bPPI_p,0.0008211602961840967
H_xc,PROTON_x <=> PROTON_c,0.0016423205925559362
NITRATE_REDUCTASE_NADH_RXN_c,NADH_c + NITRATE_c + PROTON_c --> NAD_c + NITRITE_c + WATER_c,0.0
CO2_xc,CARBON_DIOXIDE_x <=> CARBON_DIOXIDE_c,1.883009843384204e-13
THR_PROTON_vc,PROTON_v + THR_c --> PROTON_c + THR_v,0.0
L_CITRULLINE_pc,L_CITRULLINE_p <=> L_CITRULLINE_c,0.0
TIGLYLCOA_HYDROXY_RXN_m,CPD_1083_m + WATER_m --> 2_METHYL_3_HYDROXY_BUTYRYL_COA_m,0.0
Glycerate_xc,GLYCERATE_x <=> GLYCERATE_c,2.466989379266693
GLUTATHIONE_PEROXIDASE_RXN_p,2.0 GLUTATHIONE_p + HYDROGEN_PEROXIDE_p --> 0.91 OXIDIZED_GLUTATHIONE_p + 0.09 PROTON_p + 2.0 WATER_p + 0.09 bOXIDIZED_GLUTATHIONE_p,0.0
MEPROPCOA_FAD_RXN_m,ISOBUTYRYL_COA_m + UBIQUINONE_mi --> METHACRYL_COA_m + UBIQUINOL_mi,0.0
Mg_ec,MGII_e --> MGII_c,0.0
MALIC_NADP_RXN_p,MAL_p + NADP_p --> CARBON_DIOXIDE_p + NADPH_p + PYRUVATE_p,0.0
DTMP_mc,DTMP_m <=> DTMP_c,0.0
ASPARAGHYD_RXN_c,ASN_c + WATER_c --> AMMONIUM_c + L_ASPARTATE_c,0.0
3_DEHYDROQUINATE_SYNTHASE_RXN_p,3_DEOXY_D_ARABINO_HEPTULOSONATE_7_P_p --> DEHYDROQUINATE_p + Pi_p,0.006413928235715598
L_ASPARTATE_pc,L_ASPARTATE_p <=> L_ASPARTATE_c,-0.012284115189109322
1_PERIOD_1_PERIOD_1_PERIOD_255_RXN_c,MANNITOL_c + NAD_c --> MANNOSE_c + NADH_c + PROTON_c,0.0
DHAP_3PGA_pc,DIHYDROXY_ACETONE_PHOSPHATE_p + G3P_c <=> DIHYDROXY_ACETONE_PHOSPHATE_c + G3P_p,-4.1893665848491544e-18
MALIC_NADP_RXN_c,MAL_c + NADP_c --> CARBON_DIOXIDE_c + NADPH_c + PYRUVATE_c,0.0
THF_pc,THF_p <=> THF_c,0.00041058014808675934
MANNITOL_1_PHOSPHATASE_RXN_c,MANNITOL_1P_c + WATER_c --> MANNITOL_c + 1.7 PROTON_c + 0.7 Pi_c + 0.3 aPi_c,0.0
pARG_biomass,ARG_tRNAs_c + 2.0 PROTON_c + pARG_b <-- Charged_ARG_tRNAs_c + Protein_polymerisation_cost_c + Protein_processing_cost_c + Protein_tranlocation_cost_c + WATER_c,0.0
2_PERIOD_1_PERIOD_1_PERIOD_103_RXN_c,0.87 PHOSPHORYL_ETHANOLAMINE_c + S_ADENOSYLMETHIONINE_c + 0.13 aPHOSPHORYL_ETHANOLAMINE_c --> ADENOSYL_HOMO_CYS_c + 0.88 CPD_406_c + 0.01 PROTON_c + 0.12 aCPD_406_c,0.0
ANTHRANSYN_RXN_p,CHORISMATE_p + GLN_p <=> ANTHRANILATE_p + GLT_p + PROTON_p + PYRUVATE_p,0.00041058014809392554
GLY3KIN_RXN_p,0.9 ATP_p + GLYCERATE_p + 0.1 aATP_p --> 0.8 ADP_p + G3P_p + 0.9 PROTON_p + 0.2 aADP_p,0.007189379266692808
CPD_14927_xc,CPD_14927_x <=> CPD_14927_c,0.0
FORMYLTHFDEFORMYL_RXN_p,10_FORMYL_THF_p + WATER_p --> FORMATE_p + PROTON_p + THF_p,0.0
2_PERIOD_7_PERIOD_7_PERIOD_34_RXN_c,GLC_1_P_c + 0.65 GTP_c + PROTON_c + 0.35 aGTP_c --> GDP_D_GLUCOSE_c + 0.65 PPI_c + 0.35 aPPI_c,0.0
CYS_PROTON_rev_vc,CYS_v + PROTON_v --> CYS_c + PROTON_c,0.0
SUCCINATE_DEHYDROGENASE_UBIQUINONE_RXN_mi,SUC_m + UBIQUINONE_mi --> FUM_m + UBIQUINOL_mi,0.3899055958456459
PYRUVDEH_RXN_p,CO_A_p + NAD_p + PYRUVATE_p --> ACETYL_COA_p + CARBON_DIOXIDE_p + NADH_p,0.002430190752058123
PYRUVDEH_RXN_m,CO_A_m + NAD_m + PYRUVATE_m --> ACETYL_COA_m + CARBON_DIOXIDE_m + NADH_m,0.4214140493965039
O2_pc,OXYGEN_MOLECULE_p <=> OXYGEN_MOLECULE_c,2.3293333333333335
DCDPKIN_RXN_p,0.9 ATP_p + 0.79 DCDP_p + 0.1 PROTON_p + 0.1 aATP_p + 0.21 aDCDP_p --> 0.8 ADP_p + 0.79 DCTP_p + 0.2 aADP_p + 0.21 aDCTP_p,0.0
UDP_GLUCURONATE_DECARBOXYLASE_RXN_c,PROTON_c + UDP_GLUCURONATE_c --> CARBON_DIOXIDE_c + UDP_D_XYLOSE_c,0.0
RXN0_5330_NAD_c,NADH_c + PROTON_c + UBIQUINONE_mc --> NAD_c + UBIQUINOL_mc,0.0
RXN0_2381_p,INDOLE_3_GLYCEROL_P_p <=> GAP_p + INDOLE_p,0.0004105801480939255
ORNITHINE_GLU_AMINOTRANSFORASE_RXN_m,2_KETOGLUTARATE_m + L_ORNITHINE_m <=> GLT_m + L_GLUTAMATE_GAMMA_SEMIALDEHYDE_m,0.0
GLYC3PDEHYDROGBIOSYN_RXN_c,DIHYDROXY_ACETONE_PHOSPHATE_c + NADH_c + PROTON_c --> GLYCEROL_3P_c + NAD_c,0.0
SHIKIMATE_KINASE_RXN_p,0.9 ATP_p + SHIKIMATE_p + 0.1 aATP_p --> 0.8 ADP_p + 0.9 PROTON_p + SHIKIMATE_5P_p + 0.2 aADP_p,0.006413928235715598
ISOLEUCINE_TRNA_LIGASE_RXN_c,0.65 ATP_c + ILE_c + ILE_tRNAs_c + PROTON_c + 0.35 aATP_c --> AMP_c + Charged_ILE_tRNAs_c + 0.65 PPI_c + 0.35 aPPI_c,0.0
GLC_PROTON_rev_vc,GLC_c + PROTON_v --> GLC_v + PROTON_c,0.0
METHYLACETOACETYLCOATHIOL_RXN_m,2_METHYL_ACETO_ACETYL_COA_m + CO_A_m --> ACETYL_COA_m + PROPIONYL_COA_m,0.0
2KG_SUC_mc,2_KETOGLUTARATE_m + SUC_c <=> 2_KETOGLUTARATE_c + SUC_m,0.0
PHE_PROTON_vc,PHE_c + PROTON_v --> PHE_v + PROTON_c,0.0
HIS_PROTON_vc,HIS_c + PROTON_v --> bHIS_v,0.0
RXN_7678_NAD_p,CHLOROPHYLL_B_p + NADH_p + PROTON_p --> CPD_7016_p + NAD_p,0.0
Pi_PROTON_mc,PROTON_m + Pi_m <=> 0.7 PROTON_c + 0.7 Pi_c + 0.3 aPi_c,-4.688139194605895
2KG_ISOCITRATE_mc,2_KETOGLUTARATE_m + PROTON_c + THREO_DS_ISO_CITRATE_c <=> 2_KETOGLUTARATE_c + PROTON_m + THREO_DS_ISO_CITRATE_m,0.04454468427788409
GLUTACONYL_COA_xc,CO_A_c + GLUTACONYL_COA_x <=> CO_A_x + GLUTACONYL_COA_c,-1.883009843384204e-13
pGLY_biomass,GLY_tRNAs_c + 2.0 PROTON_c + pGLY_b <-- Charged_GLY_tRNAs_c + Protein_polymerisation_cost_c + Protein_processing_cost_c + Protein_tranlocation_cost_c + WATER_c,0.0
1_PERIOD_2_PERIOD_1_PERIOD_25_RXN_m,2_KETO_ISOVALERATE_m + CO_A_m + NAD_m --> CARBON_DIOXIDE_m + ISOBUTYRYL_COA_m + NADH_m,0.0
2_PERIOD_7_PERIOD_7_PERIOD_15_RXN_m,0.79 CTP_m + PHOSPHORYL_CHOLINE_m + 0.34 PROTON_m + 0.21 aCTP_m <=> CDP_CHOLINE_m + 0.55 PPI_m + 0.45 bPPI_m,0.0
GLY_PROTON_vc,GLY_c + PROTON_v --> GLY_v + PROTON_c,0.0
INORGPYROPHOSPHAT_RXN_x,0.65 PPI_x + WATER_x + 0.35 aPPI_x --> 0.75 PROTON_x + 1.4 Pi_x + 0.6 aPi_x,0.0008211602961840967
MALEYLACETOACETATE_ISOMERASE_RXN_c,4_MALEYL_ACETOACETATE_c --> 4_FUMARYL_ACETOACETATE_c,0.0
PYRROLINECARBREDUCT_RXN_NAD_c,L_DELTA1_PYRROLINE_5_CARBOXYLATE_c + NADH_c + PROTON_c --> NAD_c + PRO_c,0.00041058014809392543
FORMATETHFLIG_RXN_p,0.9 ATP_p + FORMATE_p + 0.4 PROTON_p + THF_p + 0.1 aATP_p --> 10_FORMYL_THF_p + 0.8 ADP_p + 0.7 Pi_c + 0.2 aADP_p + 0.3 aPi_c,0.0
OAA_SUC_mc,OXALACETIC_ACID_m + SUC_c <=> OXALACETIC_ACID_c + SUC_m,0.0
OROPRIBTRANS_RXN_p,OROTATE_p + 0.35 PROTON_p + 0.8 PRPP_p + 0.2 aPRPP_p --> OROTIDINE_5_PHOSPHATE_p + 0.55 PPI_p + 0.45 bPPI_p,0.0
THF_mc,THF_m <=> THF_c,-0.0008211602961805802
MALATE_DEH_RXN_c,MAL_c + NAD_c <=> NADH_c + OXALACETIC_ACID_c + PROTON_c,0.00043796046556830254
GLUC1PURIDYLTRANS_RXN_c,GLC_1_P_c + 0.85 PROTON_c + 0.5 UTP_c + 0.5 aUTP_c <=> 0.65 PPI_c + UDP_GLUCOSE_c + 0.35 aPPI_c,0.7864829910670439
MYO_INOSITOL_OXYGENASE_RXN_c,MYO_INOSITOL_c + OXYGEN_MOLECULE_c --> GLUCURONATE_c + PROTON_c + WATER_c,0.0
2_PERIOD_7_PERIOD_7_PERIOD_14_RXN_m,0.79 CTP_m + 0.96 PHOSPHORYL_ETHANOLAMINE_m + 2.3 PROTON_m + 0.21 aCTP_m + 0.04 aPHOSPHORYL_ETHANOLAMINE_m --> CDP_ETHANOLAMINE_m + 0.55 PPI_m + 0.45 bPPI_m,0.0
CYS_PROTON_vc,CYS_c + PROTON_v --> CYS_v + PROTON_c,0.0
TRP_pc,TRP_p <=> TRP_c,0.00041058014809392543
HYDROXYMETHYLGLUTARYL_COA_LYASE_RXN_m,3_HYDROXY_3_METHYL_GLUTARYL_COA_m --> 3_KETOBUTYRATE_m + ACETYL_COA_m,0.0
N_ACETYLGLUTPREDUCT_RXN_p,NADPH_p + N_ACETYL_GLUTAMYL_P_p + PROTON_p --> CPD_469_p + NADP_p + Pi_p,0.00041058014809392554
ASPAMINOTRANS_RXN_m,2_KETOGLUTARATE_m + L_ASPARTATE_m <=> GLT_m + OXALACETIC_ACID_m,0.0
CIT_ACONITATE_mc,CIS_ACONITATE_c + CIT_m <=> CIS_ACONITATE_m + CIT_c,0.0
ASPAMINOTRANS_RXN_p,2_KETOGLUTARATE_p + L_ASPARTATE_p <=> GLT_p + OXALACETIC_ACID_p,0.0004105801480942028
MALATE_DEH_RXN_p,MAL_p + NAD_p <=> NADH_p + OXALACETIC_ACID_p + PROTON_p,0.0
SEDOBISALDOL_RXN_p,DIHYDROXY_ACETONE_PHOSPHATE_p + ERYTHROSE_4P_p --> D_SEDOHEPTULOSE_1_7_P2_p,0.0
ARGSUCCINLYA_RXN_p,L_ARGININO_SUCCINATE_p --> 0.93 ARG_p + FUM_p + 0.07 PROTON_p + 0.07 bARG_p,0.00041058014809392543
1_PERIOD_8_PERIOD_4_PERIOD_9_RXN_p,APS_p + 2.0 GLUTATHIONE_p --> AMP_p + 0.91 OXIDIZED_GLUTATHIONE_p + 1.92 PROTON_p + 0.83 SO3_p + 0.17 aSO3_p + 0.09 bOXIDIZED_GLUTATHIONE_p,0.0008211602961840968
UDPREDUCT_RXN_p,Red_Thioredoxin_p + 0.81 UDP_p + 0.19 aUDP_p --> 0.81 DUDP_p + Ox_Thioredoxin_p + WATER_p + 0.19 aDUDP_p,0.0
ATP_ADP_mc,0.5 ADP_c + 0.9 ATP_m + 0.1 PROTON_m + 0.5 aADP_c + 0.1 aATP_m <=> 0.8 ADP_m + 0.65 ATP_c + 0.15 PROTON_c + 0.2 aADP_m + 0.35 aATP_c,4.683545135370592
MALATE_DEH_RXN_m,MAL_m + NAD_m <=> NADH_m + OXALACETIC_ACID_m + PROTON_m,-2.0854446164207268
ASPAMINOTRANS_RXN_x,2_KETOGLUTARATE_x + L_ASPARTATE_x <=> GLT_x + OXALACETIC_ACID_x,0.0
INORGPYROPHOSPHAT_RXN_c,0.65 PPI_c + WATER_c + 0.35 aPPI_c --> 0.75 PROTON_c + 1.4 Pi_c + 0.6 aPi_c,0.7850893024503983
GLUTATHIONE_REDUCT_NADPH_RXN_m,NADPH_m + 0.91 OXIDIZED_GLUTATHIONE_m + 1.09 PROTON_m + 0.09 bOXIDIZED_GLUTATHIONE_m --> 2.0 GLUTATHIONE_m + NADP_m,0.0
GLUTATHIONE_REDUCT_NADPH_RXN_p,NADPH_p + 0.91 OXIDIZED_GLUTATHIONE_p + 1.09 PROTON_p + 0.09 bOXIDIZED_GLUTATHIONE_p --> 2.0 GLUTATHIONE_p + NADP_p,0.0008211602961840967
GLYCEROL_3P_pc,GLYCEROL_3P_p <=> GLYCEROL_3P_c,0.0
GLYCEROL_3P_mc,GLYCEROL_3P_m <=> GLYCEROL_3P_c,0.0
INORGPYROPHOSPHAT_RXN_m,0.55 PPI_m + WATER_m + 0.45 bPPI_m --> 0.55 PROTON_m + 2.0 Pi_m,0.0
ASPAMINOTRANS_RXN_c,2_KETOGLUTARATE_c + L_ASPARTATE_c <=> GLT_c + OXALACETIC_ACID_c,-0.019663461796416967
INORGPYROPHOSPHAT_RXN_p,0.55 PPI_p + WATER_p + 0.45 bPPI_p --> 0.55 PROTON_p + 2.0 Pi_p,0.0024634808885597753
RXN_9518_p,3_oxo_hexanoyl_ACPs_p + NADPH_p + PROTON_p --> NADP_p + R_3_hydroxyhexanoyl_ACPs_p,0.0
MALATE_DEH_RXN_x,MAL_x + NAD_x <=> NADH_x + OXALACETIC_ACID_x + PROTON_x,2.4669893792665047
3_HYDROXY_PROPIONATE_xc,3_HYDROXY_PROPIONATE_x <=> 3_HYDROXY_PROPIONATE_c,0.0
PGLUCISOM_RXN_c,GLC_6_P_c <=> FRUCTOSE_6P_c,-0.8754814102783118
DIHYDROFOLATEREDUCT_RXN_m,DIHYDROFOLATE_m + NADPH_m + PROTON_m --> NADP_m + THF_m,0.0
GLC_ec,GLC_e + PROTON_e --> GLC_c + PROTON_c,0.0
RXN_9520_p,R_3_hydroxyhexanoyl_ACPs_p --> Hex_2_enoyl_ACPs_p + WATER_p,0.0
HEXOKINASE_RXN_MANNOSE_c,0.65 ATP_c + MANNOSE_c + 0.35 aATP_c --> 0.5 ADP_c + MANNOSE_6P_c + 1.15 PROTON_c + 0.5 aADP_c,0.0
PGLUCISOM_RXN_p,GLC_6_P_p <=> FRUCTOSE_6P_p,-0.1699405895944506
O2_tx, <=> OXYGEN_MOLECULE_e,1.3982033856292089
DUMP_pc,DUMP_p <=> DUMP_c,0.0
GLYCERATE_GLYCOLLATE_pc,GLYCERATE_c + GLYCOLLATE_p <=> GLYCERATE_p + GLYCOLLATE_c,0.007189379266693095
RXN_9653_p,Dodecanoyl_ACPs_p + MALONYL_COA_p + PROTON_p --> 3_oxo_myristoyl_ACPs_p + CARBON_DIOXIDE_p + CO_A_p,0.0
AMP_pc,AMP_p <=> AMP_c,7.307445436202753e-16
SERINE_O_ACETTRAN_RXN_c,ACETYL_COA_c + SER_c --> ACETYLSERINE_c + CO_A_c,0.0004105801480939254
GPH_RXN_p,CPD_67_p + WATER_p --> GLYCOLLATE_p + Pi_p,0.0
PYRUVATE_pc,PYRUVATE_p <=> PYRUVATE_c,0.06156590205950151
RXN_6902_m,4_AMINO_BUTYRATE_m + PYRUVATE_m --> L_ALPHA_ALANINE_m + SUCC_S_ALD_m,0.0
ILE_pc,ILE_p <=> ILE_c,0.0017089013557172142
SUCROSE_PHOSPHATE_SYNTHASE_RXN_c,FRUCTOSE_6P_c + UDP_GLUCOSE_c --> 0.5 PROTON_c + SUCROSE_6P_c + 0.5 UDP_c + 0.5 aUDP_c,0.7961926576246379
SERINE_GLYOXYLATE_AMINOTRANSFERASE_RXN_x,GLYOX_x + SER_x --> GLY_x + OH_PYR_x,2.466989379266693
LYS_ORNITHINE_mc,LYS_m + L_ORNITHINE_c <=> LYS_c + L_ORNITHINE_m,0.0
SERINE_O_ACETTRAN_RXN_p,ACETYL_COA_p + SER_p --> ACETYLSERINE_p + CO_A_p,0.0004105801480901712
pSER_biomass,2.0 PROTON_c + SER_tRNAs_c + pSER_b <-- Charged_SER_tRNAs_c + Protein_polymerisation_cost_c + Protein_processing_cost_c + Protein_tranlocation_cost_c + WATER_c,0.0
ACETOLACTREDUCTOISOM_RXN_p,2_ACETO_LACTATE_p + NADPH_p + PROTON_p --> DIOH_ISOVALERATE_p + NADP_p,0.004738317212635326
4_PERIOD_2_PERIOD_1_PERIOD_59_RXN_p,3_Hydroxy_octanoyl_ACPs_p --> 2_Octenoyl_ACPs_p + WATER_p,0.0
DTMPKI_RXN_c,0.65 ATP_c + DTMP_c + 0.66 PROTON_c + 0.35 aATP_c --> 0.5 ADP_c + 0.49 DTDP_c + 0.5 aADP_c + 0.51 aDTDP_c,0.0
Mitochondrial_ATP_Synthase_m,2.4 ADP_m + 10.0 PROTON_i + 3.0 Pi_m + 0.6 aADP_m --> 2.7 ATP_m + 7.3 PROTON_m + 3.0 WATER_m + 0.3 aATP_m,1.4327445329200825
Pi_tx, <=> Pi_e,-3.7652760999999595
X5P_Pi_pc,0.7 Pi_c + XYLULOSE_5_PHOSPHATE_p + 0.3 aPi_c <=> 0.3 PROTON_c + Pi_p + XYLULOSE_5_PHOSPHATE_c,-0.2589390088057028
RXN_7737_p,DELTA1_PIPERIDEINE_2_6_DICARBOXYLATE_p + GLT_p + PROTON_p + WATER_p --> 2_KETOGLUTARATE_p + LL_DIAMINOPIMELATE_p,0.002174965326349253
Ca_biomass,Ca_b <-- CAII_v,0.0
SUPEROX_DISMUT_RXN_p,2.0 PROTON_p + 2.0 SUPER_OXIDE_p --> HYDROGEN_PEROXIDE_p + OXYGEN_MOLECULE_p,0.0
RXN_1381_p,Fatty_acyl_ACP_p + GLYCEROL_3P_p --> ACP_p + ACYL_SN_GLYCEROL_3P_p,0.0
Protein_biomass_tx,0.2326035201 pALA_b + 0.1771733159 pARG_b + 0.1447158566 pASN_b + 0.3855539754 pASP_b + 0.1325494187 pGLN_b + 0.2261465373 pGLU_b + 0.2309411553 pGLY_b + 0.1673732646 pHIS_b + 0.1454255314 pILE_b + 0.0053400685 pLEU_b + 0.3415370304 pLYS_b + 0.1420323181 pMET_b + 0.1980982902 pPHE_b + 0.3368402626 pSER_b + 0.2365218861 pTHR_b + 0.2071316851 pTYR_b + 0.158571619 pVAL_b --> Protein_b,0.0
RXN_7800_p,CPD_7100_p + PROTON_p --> 2K_4CH3_PENTANOATE_p + CARBON_DIOXIDE_p,0.0020196106039679514
SUC_xc,SUC_x <=> SUC_c,0.0
THREONINE_ALDOLASE_RXN_c,THR_c --> ACETALD_c + GLY_c,0.0
SUPEROX_DISMUT_RXN_c,2.0 PROTON_c + 2.0 SUPER_OXIDE_c --> HYDROGEN_PEROXIDE_c + OXYGEN_MOLECULE_c,0.0
sSUCROSE_biomass,sSUCROSE_b <-- SUCROSE_c,-0.718515325163886
DIHYDROPICRED_RXN_NAD_p,2_3_DIHYDRODIPICOLINATE_p + NADH_p + PROTON_p --> DELTA1_PIPERIDEINE_2_6_DICARBOXYLATE_p + NAD_p,0.0
ADENYL_KIN_RXN_c,AMP_c + 0.65 ATP_c + 0.65 PROTON_c + 0.35 aATP_c <=> ADP_c + aADP_c,0.0
GAPOXNPHOSPHN_RXN_c,GAP_c + NAD_c + 0.7 Pi_c + 0.3 aPi_c <=> DPG_c + NADH_c + 1.3 PROTON_c,0.0003831998302171133
RXN_9531_p,Decanoyl_ACPs_p + MALONYL_ACP_p + PROTON_p --> 3_oxo_dodecanoyl_ACPs_p + ACP_p + CARBON_DIOXIDE_p,0.0
RXN_7979_p,CPD1F_131_p + OXYGEN_MOLECULE_p + 2.0 PROTON_p + 2.0 Reduced_ferredoxins_p --> CPD1F_133_p + 2.0 Oxidized_ferredoxins_p + WATER_p,0.0
3_ISOPROPYLMALDEHYDROG_RXN_p,2_D_THREO_HYDROXY_3_CARBOXY_ISOCAPROATE_p + NAD_p --> CPD_7100_p + NADH_p + PROTON_p,0.0020196106039679514
ILE_mc,ILE_m <=> ILE_c,0.0
GLUTACONYL_COA_DECARBOXYLASE_RXN_x,GLUTACONYL_COA_x + PROTON_x --> CARBON_DIOXIDE_x + CROTONYL_COA_x,1.883009843384204e-13
GLT_MAL_pc,GLT_p + MAL_c <=> GLT_c + MAL_p,2.5406829737532544
ADENYL_KIN_RXN_p,AMP_p + 0.9 ATP_p + 0.3 PROTON_p + 0.1 aATP_p <=> 1.6 ADP_p + 0.4 aADP_p,0.0024634808885590684
GLUTAMIDOTRANS_RXN_p,GLN_p + PHOSPHORIBULOSYL_FORMIMINO_AICAR_P_p --> AICAR_p + D_ERYTHRO_IMIDAZOLE_GLYCEROL_P_p + GLT_p + PROTON_p,0.0004105801480939255
ADENYL_KIN_RXN_m,AMP_m + 0.9 ATP_m + 0.3 PROTON_m + 0.1 aATP_m <=> 1.6 ADP_m + 0.4 aADP_m,0.002297029617650111
HYDROXYPYRUVATE_REDUCTASE_RXN_NAD_x,NADH_x + OH_PYR_x + PROTON_x --> GLYCERATE_x + NAD_x,2.466989379266693
RXN0_1483_c,4.0 FeII_c + OXYGEN_MOLECULE_c + 4.0 PROTON_c --> 4.0 FeIII_c + 2.0 WATER_c,0.0
RXN_5643_c,0.88 CPD_5441_c + S_ADENOSYLMETHIONINE_c + 0.12 aCPD_5441_c --> ADENOSYL_HOMO_CYS_c + 0.94 PHOSPHORYL_CHOLINE_c + 0.06 PROTON_c + 0.06 aPHOSPHORYL_CHOLINE_c,0.0
SUCCINATE_DEHYDROGENASE_UBIQUINONE_RXN_mc,SUC_m + UBIQUINONE_mc --> FUM_m + UBIQUINOL_mc,0.0
GAPOXNPHOSPHN_RXN_p,GAP_p + NAD_p + Pi_p <=> DPG_p + NADH_p + PROTON_p,0.49644257519134577
TRANSALDOL_RXN_p,D_SEDOHEPTULOSE_7_P_p + GAP_p <=> ERYTHROSE_4P_p + FRUCTOSE_6P_p,0.08817725891508313
MET_PROTON_vc,MET_c + PROTON_v --> MET_v + PROTON_c,0.0
PROPIONYL_COA_xc,PROPIONYL_COA_x <=> PROPIONYL_COA_c,0.0
3_HYDROXBUTYRYL_COA_DEHYDRATASE_RXN_x,CROTONYL_COA_x + WATER_x --> CPD_650_x,1.883009843384204e-13
THRESYN_RXN_p,O_PHOSPHO_L_HOMOSERINE_p + WATER_p --> Pi_p + THR_p,0.00675792791467091
CO2_ec,CARBON_DIOXIDE_e <=> CARBON_DIOXIDE_c,-3.988730576459897
RXN_961_p,D_RIBULOSE_15_P2_p + OXYGEN_MOLECULE_p --> CPD_67_p + G3P_p + 2.0 PROTON_p,0.0
PHOSPHORYL_ETHANOLAMINE_mc,0.96 PHOSPHORYL_ETHANOLAMINE_m + 0.09 PROTON_c + 0.04 aPHOSPHORYL_ETHANOLAMINE_m <=> 0.87 PHOSPHORYL_ETHANOLAMINE_c + 0.13 aPHOSPHORYL_ETHANOLAMINE_c,0.0
GART_RXN_p,10_FORMYL_THF_p + 0.42 5_PHOSPHO_RIBOSYL_GLYCINEAMIDE_p + 0.58 a5_PHOSPHO_RIBOSYL_GLYCINEAMIDE_p --> 5_P_RIBOSYL_N_FORMYLGLYCINEAMIDE_p + 0.58 PROTON_p + THF_p,0.0
RXN_9662_p,NADH_p + PROTON_p + Tetradec_2_enoyl_ACPs_p --> Myristoyl_ACPs_p + NAD_p,0.0
2OXOGLUTARATEDEH_RXN_m,2_KETOGLUTARATE_m + CO_A_m + NAD_m --> CARBON_DIOXIDE_m + NADH_m + SUC_COA_m,0.389905595845646
ILE_PROTON_vc,ILE_c + PROTON_v --> ILE_v + PROTON_c,0.0
4_AMINO_BUTYRATE_PROTON_vc,4_AMINO_BUTYRATE_c + PROTON_v --> 4_AMINO_BUTYRATE_v + PROTON_c,0.0
HISTIDPHOS_RXN_p,L_HISTIDINOL_P_p + WATER_p --> HISTIDINOL_p + Pi_p,0.0004105801480939255
2KG_CIT_mc,2_KETOGLUTARATE_m + CIT_c + PROTON_c <=> 2_KETOGLUTARATE_c + CIT_m + PROTON_m,0.0
Mg_tx, <=> MGII_e,0.0
FRUCTOKINASE_RXN_c,0.65 ATP_c + FRU_c + 0.35 aATP_c --> 0.5 ADP_c + FRUCTOSE_6P_c + 0.85 PROTON_c + 0.5 aADP_c,0.0
HIS_ORNITHINE_mc,HIS_m + L_ORNITHINE_c <=> HIS_c + L_ORNITHINE_m,0.0
METHYLACYLYLCOA_HYDROXY_RXN_m,METHACRYL_COA_m + WATER_m --> CPD_12173_m,0.0
RXN_9651_p,MALONYL_COA_p + Octanoyl_ACPs_p + PROTON_p --> 3_oxo_decanoyl_ACPs_p + CARBON_DIOXIDE_p + CO_A_p,0.0
RXN0_5260_m,GLYCEROL_3P_c + UBIQUINONE_mc --> DIHYDROXY_ACETONE_PHOSPHATE_c + UBIQUINOL_mc,0.0
L_ASPARTATE_GLU_mc,GLT_c + L_ASPARTATE_m <=> GLT_m + L_ASPARTATE_c,0.0
RXN_9540_p,3_oxo_palmitoyl_ACPs_p + NADPH_p + PROTON_p --> NADP_p + R_3_Hydroxypalmitoyl_ACPs_p,0.0
SEDOHEPTULOSE_BISPHOSPHATASE_RXN_p,D_SEDOHEPTULOSE_1_7_P2_p + WATER_p --> D_SEDOHEPTULOSE_7_P_p + Pi_p,0.0
GLYCINE_AMINOTRANSFERASE_RXN_x,GLT_x + GLYOX_x <=> 2_KETOGLUTARATE_x + GLY_x,2.4787408496237577
RXN0_5330_NAD_mc,NADH_m + PROTON_m + UBIQUINONE_mc --> NAD_m + UBIQUINOL_mc,0.0
MAL_CIT_vc,CIT_c + 0.7 MAL_v + 0.5 PROTON_v + 0.3 aMAL_v --> 0.5 CIT_v + MAL_c + 0.3 PROTON_c + 0.5 aCIT_v,0.0
MAL_CIT_rev_vc,0.5 CIT_v + MAL_c + 0.3 PROTON_v + 0.5 aCIT_v --> CIT_c + 0.7 MAL_v + 0.5 PROTON_c + 0.3 aMAL_v,0.00778517980703994
SO4_ec,3.0 PROTON_e + SULFATE_e --> 3.0 PROTON_c + SULFATE_c,0.0008211602961840966
GLYCINE_TRNA_LIGASE_RXN_c,0.65 ATP_c + GLY_c + GLY_tRNAs_c + PROTON_c + 0.35 aATP_c --> AMP_c + Charged_GLY_tRNAs_c + 0.65 PPI_c + 0.35 aPPI_c,0.0
Pi_xc,0.3 PROTON_c + 0.7 Pi_x + 0.3 aPi_x <=> 0.3 PROTON_x + 0.7 Pi_c + 0.3 aPi_c,0.0016423205923681934
GLYOHMETRANS_RXN_c,SER_c + THF_c <=> GLY_c + METHYLENE_THF_c + WATER_c,0.0
GLYOHMETRANS_RXN_m,SER_m + THF_m <=> GLY_m + METHYLENE_THF_m + WATER_m,-2.4721049862947893
RXN0_5184_c,Heteroglycans_c + 0.7 Pi_c + 0.3 aPi_c <=> GLC_1_P_c + 0.3 PROTON_c,0.0
RXN0_5330_NAD_mi,NADH_m + PROTON_m + UBIQUINONE_mi --> NAD_m + UBIQUINOL_mi,0.0
RXN_11213_m,CH3_MALONATE_S_ALD_m + CO_A_m + NAD_m + WATER_m --> HCO3_m + NADH_m + PROPIONYL_COA_m + PROTON_m,0.0
GLYOHMETRANS_RXN_p,SER_p + THF_p <=> GLY_p + METHYLENE_THF_p + WATER_p,7.166165961560752e-15
pLEU_biomass,LEU_tRNAs_c + 2.0 PROTON_c + pLEU_b <-- Charged_LEU_tRNAs_c + Protein_polymerisation_cost_c + Protein_processing_cost_c + Protein_tranlocation_cost_c + WATER_c,0.0
UGD_RXN_c,2.0 NAD_c + UDP_GLUCOSE_c + WATER_c --> 2.0 NADH_c + 3.0 PROTON_c + UDP_GLUCURONATE_c,0.0
HISTAMINOTRANS_RXN_p,GLT_p + IMIDAZOLE_ACETOL_P_p --> 2_KETOGLUTARATE_p + L_HISTIDINOL_P_p,0.00041058014809392543
HIS_pc,HIS_p <=> HIS_c,0.00041058014809392543
CA2_rev_vc,CAII_c + 3.0 PROTON_v --> CAII_v + 3.0 PROTON_c,0.0
O2_xc,OXYGEN_MOLECULE_x <=> OXYGEN_MOLECULE_c,-2.45985
GLUTDECARBOX_RXN_c,GLT_c + PROTON_c --> 4_AMINO_BUTYRATE_c + CARBON_DIOXIDE_c,0.0022526426382236363
RXN_5641_c,PROTON_c + SER_c --> CARBON_DIOXIDE_c + ETHANOL_AMINE_c,0.0
CARBAMATE_KINASE_RXN_p,AMMONIUM_p + 0.9 ATP_p + CARBON_DIOXIDE_p + 0.1 aATP_p <=> 0.8 ADP_p + CARBAMOYL_P_p + 1.9 PROTON_p + 0.2 aADP_p,0.00041058014809392543
TRP_PROTON_rev_vc,PROTON_v + TRP_v --> PROTON_c + TRP_c,0.0
Glycolate_xc,GLYCOLLATE_x <=> GLYCOLLATE_c,-4.9197
THR_pc,THR_p <=> THR_c,0.006757927914670909
DTDPKIN_RXN_c,0.65 ATP_c + 0.49 DTDP_c + 0.15 PROTON_c + 0.35 aATP_c + 0.51 aDTDP_c --> 0.5 ADP_c + 0.49 DTTP_c + 0.5 aADP_c + 0.51 aDTTP_c,0.0
AIRCARBOXY_RXN_p,0.54 5_PHOSPHORIBOSYL_5_AMINOIMIDAZOLE_p + HCO3_p + 0.46 a5_PHOSPHORIBOSYL_5_AMINOIMIDAZOLE_p --> 0.88 PHOSPHORIBOSYL_CARBOXY_AMINOIMIDAZOLE_p + 0.34 PROTON_p + WATER_p + 0.12 aPHOSPHORIBOSYL_CARBOXY_AMINOIMIDAZOLE_p,0.0
PLASTOQUINOL_PLASTOCYANIN_REDUCTASE_RXN_p,2.0 Oxidized_Plastocyanins_p + PLASTOQUINOL_1_p + 2.0 PROTON_p --> PLASTOQUINONE_p + 4.0 PROTON_l + 2.0 Plastocyanin_Reduced_p,0.0
HISTPRATPHYD_RXN_p,PHOSPHORIBOSYL_ATP_p + WATER_p --> PHOSPHORIBOSYL_AMP_p + 0.55 PPI_p + 1.45 PROTON_p + 0.45 bPPI_p,0.0004105801480939255
MET_pc,MET_p <=> MET_c,0.0
RXN_9524_p,3_Oxo_octanoyl_ACPs_p + NADPH_p + PROTON_p --> 3_Hydroxy_octanoyl_ACPs_p + NADP_p,0.0
OAA_MAL_mc,MAL_c + OXALACETIC_ACID_m <=> MAL_m + OXALACETIC_ACID_c,-2.4753502122663726
GCVMULTI_RXN_m,GLY_m + NAD_m + THF_m --> AMMONIUM_m + CARBON_DIOXIDE_m + METHYLENE_THF_m + NADH_m,2.4729261465909698
Xylan_biomass,Xylan_b <-- XYLAN_c,0.0
ALANINE_TRNA_LIGASE_RXN_c,ALA_tRNAs_c + 0.65 ATP_c + L_ALPHA_ALANINE_c + PROTON_c + 0.35 aATP_c --> AMP_c + Charged_ALA_tRNAs_c + 0.65 PPI_c + 0.35 aPPI_c,0.0
ACETYLORNTRANSAM_RXN_p,CPD_469_p + GLT_p --> 2_KETOGLUTARATE_p + N_ALPHA_ACETYLORNITHINE_p,0.0004105801480939255
ASNSYNA_RXN_c,AMMONIUM_c + 0.65 ATP_c + L_ASPARTATE_c + 0.35 aATP_c --> AMP_c + ASN_c + 0.65 PPI_c + PROTON_c + 0.35 aPPI_c,0.0014758693214615294
CONIFERIN_BETA_GLUCOSIDASE_RXN_c,CPD_1777_c + WATER_c --> CONIFERYL_ALCOHOL_c + GLC_c,0.0
RXN_9657_p,Crotonyl_ACPs_p + NADH_p + PROTON_p --> Butanoyl_ACPs_p + NAD_p,0.0
pTRP_biomass,2.0 PROTON_c + TRP_tRNAs_c + pTRP_b <-- Charged_TRP_tRNAs_c + Protein_polymerisation_cost_c + Protein_processing_cost_c + Protein_tranlocation_cost_c + WATER_c,0.0
RXN_8001_p,HISTIDINOL_p + 2.0 NAD_p + WATER_p --> HIS_p + 2.0 NADH_p + 3.0 PROTON_p,0.00041058014809392543
CIT_PROTON_rev_vc,0.5 CIT_v + 2.5 PROTON_v + 0.5 aCIT_v --> CIT_c + 3.0 PROTON_c,0.0
2TRANSKETO_RXN_p,ERYTHROSE_4P_p + XYLULOSE_5_PHOSPHATE_p <=> FRUCTOSE_6P_p + GAP_p,0.08176333067936753
PHENYLALANINE_TRNA_LIGASE_RXN_c,0.65 ATP_c + PHE_c + PHE_tRNAs_c + PROTON_c + 0.35 aATP_c --> AMP_c + Charged_PHE_tRNAs_c + 0.65 PPI_c + 0.35 aPPI_c,0.0
SUC_ISOCITRATE_mc,PROTON_c + SUC_m + THREO_DS_ISO_CITRATE_c <=> PROTON_m + SUC_c + THREO_DS_ISO_CITRATE_m,0.0
pPHE_biomass,PHE_tRNAs_c + 2.0 PROTON_c + pPHE_b <-- Charged_PHE_tRNAs_c + Protein_polymerisation_cost_c + Protein_processing_cost_c + Protein_tranlocation_cost_c + WATER_c,0.0
PRO_PROTON_rev_vc,PROTON_v + PRO_v --> PROTON_c + PRO_c,0.0
2_KETO_ADIPATE_DEHYDROG_RXN_m,2K_ADIPATE_m + CO_A_m + NAD_m --> CARBON_DIOXIDE_m + GLUTARYL_COA_m + NADH_m,1.883009843384204e-13
MAL_SO4_mc,MAL_m + SULFATE_c <=> MAL_c + SULFATE_m,0.0
GLUCURONOKINASE_RXN_c,0.65 ATP_c + GLUCURONATE_c + 0.35 aATP_c --> 0.5 ADP_c + CPD_510_c + 0.85 PROTON_c + 0.5 aADP_c,0.0
GLUTAMATE_SYNTHASE_FERREDOXIN_RXN_p,2_KETOGLUTARATE_p + GLN_p + 2.0 PROTON_p + 2.0 Reduced_ferredoxins_p --> 2.0 GLT_p + 2.0 Oxidized_ferredoxins_p,2.0540055490401112
L_ASPARTATE_PROTON_rev_vc,L_ASPARTATE_v + PROTON_v --> L_ASPARTATE_c + PROTON_c,0.0
Phloem_output_tx,0.0022970297 4_AMINO_BUTYRATE_c + 0.0004186704 ARG_c + 0.0015049505 ASN_c + 0.0004186704 CYS_c + 0.0792079208 FRU_c + 0.0693069307 GLC_c + 0.0240792079 GLN_c + 0.0124356436 GLT_c + 0.0007128713 GLY_c + 0.0004186704 HIS_c + 0.0017425743 ILE_c + 0.0020594059 LEU_c + 0.0022178218 LYS_c + 0.0038811881 L_ALPHA_ALANINE_c + 0.006019802 L_ASPARTATE_c + 0.0004186704 MET_c + 0.0057029703 PHE_c + 0.9603960396 PROTON_e + 0.0004186704 PRO_c + 0.003960396 SER_c + 0.0068910891 THR_c + 0.0004186704 TRP_c + 0.0004186704 TYR_c + 0.0027722772 VAL_c + 0.7326732673 sSUCROSE_b --> 0.9603960396 PROTON_c,0.9806763222189231
HMBPP_synthesis_p,0.9 ATP_p + 0.79 CTP_p + GAP_p + NADPH_p + 2.65 PROTON_p + PYRUVATE_p + 2.0 Reduced_ferredoxins_p + 0.1 aATP_p + 0.21 aCTP_p --> 0.8 ADP_p + CARBON_DIOXIDE_p + CMP_p + 0.79 HYDROXY_METHYL_BUTENYL_DIP_p + NADP_p + 2.0 Oxidized_ferredoxins_p + 0.55 PPI_p + WATER_p + 0.2 aADP_p + 0.21 aHYDROXY_METHYL_BUTENYL_DIP_p + 0.45 bPPI_p,0.0
TYROSINE_TRNA_LIGASE_RXN_c,0.65 ATP_c + PROTON_c + TYR_c + TYR_tRNAs_c + 0.35 aATP_c --> AMP_c + Charged_TYR_tRNAs_c + 0.65 PPI_c + 0.35 aPPI_c,0.0
NITRATE_PROTON_rev_vc,2.0 NITRATE_c + PROTON_v --> 2.0 NITRATE_v + PROTON_c,0.0
SUC_Pi_mc,0.7 Pi_c + SUC_m + 0.3 aPi_c <=> 0.3 PROTON_c + Pi_m + SUC_c,0.0
Protein_Processing_c,0.1989 ATP_c + 0.306 WATER_c + 0.1071 aATP_c --> 0.153 ADP_c + 0.1683 PROTON_c + 0.2142 Pi_c + Protein_processing_cost_c + 0.153 aADP_c + 0.0918 aPi_c,0.0
PSII_RXN_p,2.0 PLASTOQUINONE_p + 4.0 PROTON_p + 4.0 Photon_p + 2.0 WATER_p --> OXYGEN_MOLECULE_p + 2.0 PLASTOQUINOL_1_p + 4.0 PROTON_l,0.0
NH4_ec,AMMONIUM_e --> AMMONIUM_c,0.0
HIS_PROTON_rev_vc,PROTON_v + bHIS_v --> HIS_c + 2.0 PROTON_c,0.0
MAL_xc,MAL_x <=> MAL_c,-2.466168218969944
RXN_9535_p,Dodecanoyl_ACPs_p + MALONYL_ACP_p + PROTON_p --> 3_oxo_myristoyl_ACPs_p + ACP_p + CARBON_DIOXIDE_p,0.0
GLN_PROTON_rev_vc,GLN_v + PROTON_v --> GLN_c + PROTON_c,0.0
ISPH2_RXN_p,0.79 HYDROXY_METHYL_BUTENYL_DIP_p + 2.0 PROTON_p + 2.0 Reduced_ferredoxins_p + 0.21 aHYDROXY_METHYL_BUTENYL_DIP_p --> 0.79 DELTA3_ISOPENTENYL_PP_p + 2.0 Oxidized_ferredoxins_p + WATER_p + 0.21 aDELTA3_ISOPENTENYL_PP_p,0.0
OAA_MAL_pc,MAL_c + OXALACETIC_ACID_p <=> MAL_p + OXALACETIC_ACID_c,0.0004105801480932204
GLUTSEMIALDEHYDROG_RXN_c,0.91 L_GLUTAMATE_5_P_c + NADPH_c + 2.21 PROTON_c + 0.09 aL_GLUTAMATE_5_P_c --> L_GLUTAMATE_GAMMA_SEMIALDEHYDE_c + NADP_c + 0.7 Pi_c + 0.3 aPi_c,0.00041058014809392543
A_B_oxidation_x,2_KETOGLUTARATE_x + 1.3 ATP_x + 7.0 CO_A_x + CPD_14927_x + NADPH_x + 7.0 NAD_x + 7.0 OXYGEN_MOLECULE_x + 8.0 WATER_x + 0.7 aATP_x --> 3.0 ACETYL_COA_x + 2.0 AMP_x + 2.0 CARBON_DIOXIDE_x + 6.0 HYDROGEN_PEROXIDE_x + ISOBUTYRYL_COA_x + 7.0 NADH_x + NADP_x + 1.3 PPI_x + 3.0 PROPIONYL_COA_x + 7.0 PROTON_x + SUC_x + 0.7 aPPI_x,0.0
THIOREDOXIN_REDUCT_NADPH_RXN_p,NADPH_p + Ox_Thioredoxin_p + PROTON_p --> NADP_p + Red_Thioredoxin_p,0.0
RXN_9104_c,UDP_D_XYLOSE_c --> 0.5 PROTON_c + 0.5 UDP_c + XYLAN_c + 0.5 aUDP_c,0.0
SHIKIMATE_5_DEHYDROGENASE_RXN_p,3_DEHYDRO_SHIKIMATE_p + NADPH_p + 2.0 PROTON_p --> NADP_p + SHIKIMATE_p,0.006413928235715598
ACET_xc,ACET_x <=> ACET_c,-0.0008211602961840966
K_ec,KI_e + PROTON_e --> KI_c + PROTON_c,0.0
RXN_7674_p,CPD_7014_p + 0.8 PHYTYL_PYROPHOSPHATE_p + 0.2 aPHYTYL_PYROPHOSPHATE_p --> CHLOROPHYLL_B_p + 0.55 PPI_p + 0.65 PROTON_p + 0.45 bPPI_p,0.0
CTPSYN_RXN_p,0.9 ATP_p + GLN_p + 0.18 UTP_p + WATER_p + 0.1 aATP_p + 0.82 aUTP_p --> 0.8 ADP_p + 0.79 CTP_p + GLT_p + 3.51 PROTON_p + Pi_p + 0.2 aADP_p + 0.21 aCTP_p,0.0
FRU_vc,FRU_v --> FRU_c,0.0
RXN_9655_p,Beta_hydroxydecanoyl_ACPs_p --> Trans_D2_decenoyl_ACPs_p + WATER_p,0.0
4_PERIOD_2_PERIOD_1_PERIOD_58_RXN_p,Beta_3_hydroxybutyryl_ACPs_p <=> Crotonyl_ACPs_p + WATER_p,0.0
1_PERIOD_18_PERIOD_1_PERIOD_2_RXN_p,NADP_p + PROTON_p + 2.0 Reduced_ferredoxins_p <=> NADPH_p + 2.0 Oxidized_ferredoxins_p,-2.056469029928664
PRO_mc,PRO_m <=> PRO_c,0.0
CYSTEINE_AMINOTRANSFERASE_RXN_m,2_KETOGLUTARATE_m + 0.92 CYS_m + 0.08 PROTON_m + 0.08 bCYS_m <=> 3_MERCAPTO_PYRUVATE_m + GLT_m,0.0
GLUCOKIN_RXN_c,0.65 ATP_c + GLC_c + 0.35 aATP_c --> 0.5 ADP_c + GLC_6_P_c + 0.85 PROTON_c + 0.5 aADP_c,0.0
GLT_PROTON_rev_vc,GLT_v + PROTON_v --> GLT_c + PROTON_c,0.0
PRPPSYN_RXN_p,0.9 ATP_p + RIBOSE_5P_p + 0.1 aATP_p --> AMP_p + 0.9 PROTON_p + 0.8 PRPP_p + 0.2 aPRPP_p,0.000821160296187851
VALINE_TRNA_LIGASE_RXN_c,0.65 ATP_c + PROTON_c + VAL_c + VAL_tRNAs_c + 0.35 aATP_c --> AMP_c + Charged_VAL_tRNAs_c + 0.65 PPI_c + 0.35 aPPI_c,0.0
GLUTAMINESYN_RXN_c,AMMONIUM_c + 0.65 ATP_c + GLT_c + 0.35 aATP_c --> 0.5 ADP_c + GLN_c + 0.55 PROTON_c + 0.7 Pi_c + 0.5 aADP_c + 0.3 aPi_c,0.0
GLUTAMINESYN_RXN_m,AMMONIUM_m + 0.9 ATP_m + GLT_m + 0.1 aATP_m --> 0.8 ADP_m + GLN_m + 0.9 PROTON_m + Pi_m + 0.2 aADP_m,0.0
1_PERIOD_5_PERIOD_1_PERIOD_20_RXN_c,METHYLENE_THF_c + NADH_c + PROTON_c --> 5_METHYL_THF_c + NAD_c,0.00041058014809392543
GLUTAMINESYN_RXN_p,AMMONIUM_p + 0.9 ATP_p + GLT_p + 0.1 aATP_p --> 0.8 ADP_p + GLN_p + 0.9 PROTON_p + Pi_p + 0.2 aADP_p,2.5805647353732706
HOMO_CYS_pc,HOMO_CYS_p <=> HOMO_CYS_c,0.00041058014809017127
GLUCOKIN_RXN_p,0.9 ATP_p + GLC_p + 0.1 aATP_p --> 0.8 ADP_p + GLC_6_P_p + 0.9 PROTON_p + 0.2 aADP_p,0.0
PALMITATE_pc,PALMITATE_p <=> PALMITATE_c,0.0
DUMP_mc,DUMP_m <=> DUMP_c,0.0
GUANYL_KIN_RXN_p,0.9 ATP_p + 0.5 GMP_p + 1.4 PROTON_c + 0.1 aATP_p + 0.5 bGMP_p --> 0.8 ADP_p + 0.2 GDP_p + 0.2 aADP_p + 0.8 aGDP_p,0.0
RXN_12002_p,0.9 ATP_p + 0.29 PROTON_p + UMP_p + 0.1 aATP_p --> 0.8 ADP_p + 0.81 UDP_p + 0.2 aADP_p + 0.19 aUDP_p,0.0
PEP_Pi_pc,PHOSPHO_ENOL_PYRUVATE_p + 0.7 Pi_c + 0.3 aPi_c <=> PHOSPHO_ENOL_PYRUVATE_c + 0.3 PROTON_c + Pi_p,0.0
RXN_5781_r,CDP_CHOLINE_m + DIACYLGLYCEROL_r --> CMP_m + PHOSPHATIDYL_CHOLINE_r + PROTON_m,0.0
BRANCHED_CHAINAMINOTRANSFERLEU_RXN_m,2_KETOGLUTARATE_m + LEU_m <=> 2K_4CH3_PENTANOATE_m + GLT_m,0.0
BRANCHED_CHAINAMINOTRANSFERLEU_RXN_p,2_KETOGLUTARATE_p + LEU_p <=> 2K_4CH3_PENTANOATE_p + GLT_p,-0.002019610603967951
PROTON_ATPase_c,0.65 ATP_c + 0.45 PROTON_c + WATER_c + 0.35 aATP_c --> 0.5 ADP_c + PROTON_e + 0.7 Pi_c + 0.5 aADP_c + 0.3 aPi_c,0.0
DIHYDROXYISOVALDEHYDRAT_RXN_p,DIOH_ISOVALERATE_p --> 2_KETO_ISOVALERATE_p + WATER_p,0.004738317212635326
CO2_mc,CARBON_DIOXIDE_m <=> CARBON_DIOXIDE_c,3.757579125166642
MDA_Fd_Ascorbate_p,CPD_318_p + PROTON_p + Reduced_ferredoxins_p --> ASCORBATE_p + Oxidized_ferredoxins_p,0.0
Palmitate_biomass,Palmitate_b <-- PALMITATE_p,0.0
CHORISMATEMUT_RXN_p,CHORISMATE_p --> PREPHENATE_p,0.006003348087621673
SUC_FUM_mc,FUM_c + SUC_m <=> FUM_m + SUC_c,0.0
GLT_PROTON_vc,GLT_c + PROTON_v --> GLT_v + PROTON_c,0.0
GUANYL_KIN_RXN_c,0.65 ATP_c + 0.75 GMP_c + 0.78 PROTON_c + 0.35 aATP_c + 0.06 aGMP_c + 0.19 bGMP_c --> 0.5 ADP_c + 0.5 GDP_c + 0.5 aADP_c + 0.5 aGDP_c,0.0
PRAISOM_RXN_p,N_5_PHOSPHORIBOSYL_ANTHRANILATE_p --> CARBOXYPHENYLAMINO_DEOXYRIBULOSE_P_p,0.00041058014809392543
MercaptoPyruvateSulfurtransferase_m,3_MERCAPTO_PYRUVATE_m + GLUTATHIONE_m + 0.02 PROTON_m --> 0.92 CPD_11281_m + PYRUVATE_m + 0.05 aCPD_11281_m + 0.03 bCPD_11281_m,0.0
RXN_9533_p,R_3_hydroxydodecanoyl_ACPs_p --> Dodec_2_enoyl_ACPs_p + WATER_p,0.0
sSER_biomass,sSER_b <-- SER_c,0.0
GLUTAMATE_DEHYDROGENASE_RXN_m,GLT_m + NAD_m + WATER_m --> 2_KETOGLUTARATE_m + AMMONIUM_m + NADH_m + PROTON_m,0.0
ARG_HIS_mc,ARG_m + HIS_c <=> ARG_c + HIS_m,0.0
SUCROSE_PHOSPHATASE_RXN_c,0.3 PROTON_c + SUCROSE_6P_c + WATER_c --> 0.7 Pi_c + SUCROSE_c + 0.3 aPi_c,0.7961926576246378
ARG_pc,0.93 ARG_p + 0.07 PROTON_p + 0.07 bARG_p <=> ARG_c,0.0004105801480939254
PREPHENATEDEHYDROG_RXN_p,NAD_p + PREPHENATE_p --> CARBON_DIOXIDE_p + NADH_p + 0.82 P_HYDROXY_PHENYLPYRUVATE_p + 0.18 aP_HYDROXY_PHENYLPYRUVATE_p,0.0004105801480939252
AIRS_RXN_p,0.8 5_PHOSPHORIBOSYL_N_FORMYLGLYCINEAMIDINE_p + 0.9 ATP_p + 0.2 a5_PHOSPHORIBOSYL_N_FORMYLGLYCINEAMIDINE_p + 0.1 aATP_p --> 0.54 5_PHOSPHORIBOSYL_5_AMINOIMIDAZOLE_p + 0.8 ADP_p + 0.64 PROTON_p + Pi_p + 0.46 a5_PHOSPHORIBOSYL_5_AMINOIMIDAZOLE_p + 0.2 aADP_p,0.0
GLUTAMATE_SYNTHASE_NADH_RXN_p,2_KETOGLUTARATE_p + GLN_p + NADH_p + PROTON_p --> 2.0 GLT_p + NAD_p,0.5021241169916545
RXN_9528_p,3_oxo_decanoyl_ACPs_p + NADPH_p + PROTON_p --> Beta_hydroxydecanoyl_ACPs_p + NADP_p,0.0
BRANCHED_CHAINAMINOTRANSFERVAL_RXN_m,2_KETOGLUTARATE_m + VAL_m <=> 2_KETO_ISOVALERATE_m + GLT_m,0.0
OROTATE_REDUCTASE_NADH_RXN_p,DI_H_OROTATE_p + NAD_p --> NADH_p + OROTATE_p + 2.0 PROTON_p,0.0
RXN_7676_p,CHLOROPHYLLIDE_A_p + NADPH_p + OXYGEN_MOLECULE_p + PROTON_p --> CPD_7015_p + NADP_p + WATER_p,0.0
ARG_PROTON_rev_vc,ARG_v + PROTON_v --> ARG_c + PROTON_c,0.0
RXN0_5114_p,3_P_SERINE_p + WATER_p --> Pi_p + SER_p,0.0
ILE_PROTON_rev_vc,ILE_v + PROTON_v --> ILE_c + PROTON_c,0.0
GLC_vc,GLC_v --> GLC_c,0.0
TYR_PROTON_rev_vc,PROTON_v + TYR_v --> PROTON_c + TYR_c,0.0
ASPCARBTRANS_RXN_p,CARBAMOYL_P_p + L_ASPARTATE_p --> CARBAMYUL_L_ASPARTATE_p + PROTON_p + Pi_p,0.0
DIHYDRODIPICSYN_RXN_p,L_ASPARTATE_SEMIALDEHYDE_p + PYRUVATE_p --> 2_3_DIHYDRODIPICOLINATE_p + PROTON_p + 2.0 WATER_p,0.0021749653263492532
K_rev_vc,KI_c + PROTON_v --> KI_v + PROTON_c,0.0
VAL_mc,VAL_m <=> VAL_c,0.0
Plastoquinol_Oxidase_p,OXYGEN_MOLECULE_p + 2.0 PLASTOQUINOL_1_p --> 2.0 PLASTOQUINONE_p + 2.0 WATER_p,0.0
10_FORMYL_THF_pc,10_FORMYL_THF_p <=> 10_FORMYL_THF_c,-0.0004105801480939255
IMIDPHOSDEHYD_RXN_p,D_ERYTHRO_IMIDAZOLE_GLYCEROL_P_p --> IMIDAZOLE_ACETOL_P_p + WATER_p,0.0004105801480939255
1_PERIOD_1_PERIOD_1_PERIOD_39_RXN_m,MAL_m + NAD_m --> CARBON_DIOXIDE_m + NADH_m + PYRUVATE_m,0.0
MAL_PROTON_vc,MAL_c + 0.3 PROTON_v --> 0.7 MAL_v + 0.3 aMAL_v,0.001780013319983627
RXN_6383_x,3_HYDROXY_PROPIONYL_COA_x <=> ACRYLYL_COA_x + 4.0 PROTON_x + WATER_x,0.0
pVAL_biomass,2.0 PROTON_c + VAL_tRNAs_c + pVAL_b <-- Charged_VAL_tRNAs_c + Protein_polymerisation_cost_c + Protein_processing_cost_c + Protein_tranlocation_cost_c + WATER_c,0.0
RXN_9648_p,Butanoyl_ACPs_p + MALONYL_COA_p + PROTON_p --> 3_oxo_hexanoyl_ACPs_p + CARBON_DIOXIDE_p + CO_A_p,0.0
6PGLUCONDEHYDROG_RXN_p,CPD_2961_p + NADP_p --> CARBON_DIOXIDE_p + NADPH_p + RIBULOSE_5P_p,0.0
METHIONINE_TRNA_LIGASE_RXN_c,0.65 ATP_c + MET_c + MET_tRNAs_c + PROTON_c + 0.35 aATP_c --> AMP_c + Charged_MET_tRNAs_c + 0.65 PPI_c + 0.35 aPPI_c,0.0
FORMATE_mc,FORMATE_m <=> FORMATE_c,0.0
GDPKIN_RXN_m,0.9 ATP_m + 0.2 GDP_m + 0.1 aATP_m + 0.8 aGDP_m <=> 0.8 ADP_m + 0.9 GTP_m + 0.6 PROTON_m + 0.2 aADP_m + 0.1 aGTP_m,0.0
MAL_ACONITATE_mc,CIS_ACONITATE_c + MAL_m + PROTON_c <=> CIS_ACONITATE_m + MAL_c + PROTON_m,0.0
H2O_ec,WATER_e <=> WATER_c,-0.9279499987340879
ARG_CITRULLINE_mc,ARG_m + L_CITRULLINE_c <=> ARG_c + L_CITRULLINE_m,0.0
GDPKIN_RXN_p,0.9 ATP_p + 0.2 GDP_p + 0.1 aATP_p + 0.8 aGDP_p <=> 0.8 ADP_p + 0.9 GTP_p + 0.6 PROTON_p + 0.2 aADP_p + 0.1 aGTP_p,0.0004105801480939255
RXN_7678_NADP_p,CHLOROPHYLL_B_p + NADPH_p + PROTON_p --> CPD_7016_p + NADP_p,0.0
L_ASPARTATE_PROTON_vc,L_ASPARTATE_c + PROTON_v --> L_ASPARTATE_v + PROTON_c,0.0
METHENYLTHFCYCLOHYDRO_RXN_c,5_10_METHENYL_THF_c + WATER_c --> 10_FORMYL_THF_c + PROTON_c,0.00041058014809392554
RXN_3523_p,2.0 CPD_318_p --> ASCORBATE_p + L_DEHYDRO_ASCORBATE_p,0.0
pALA_biomass,ALA_tRNAs_c + 2.0 PROTON_c + pALA_b <-- Charged_ALA_tRNAs_c + Protein_polymerisation_cost_c + Protein_processing_cost_c + Protein_tranlocation_cost_c + WATER_c,0.0
TYR_pc,TYR_p <=> TYR_c,0.00041058014809392543
BRANCHED_CHAINAMINOTRANSFERVAL_RXN_p,2_KETOGLUTARATE_p + VAL_p <=> 2_KETO_ISOVALERATE_p + GLT_p,-0.0027187066086673743
G6P_Pi_pc,GLC_6_P_p + 0.7 Pi_c + 0.3 aPi_c <=> GLC_6_P_c + 0.3 PROTON_c + Pi_p,0.16994058959445063
ACET_mc,ACET_m <=> ACET_c,0.0
2KG_MAL_mc,2_KETOGLUTARATE_m + MAL_c <=> 2_KETOGLUTARATE_c + MAL_m,0.0
TYROSINE_AMINOTRANSFERASE_RXN_p,GLT_p + 0.82 P_HYDROXY_PHENYLPYRUVATE_p + 0.18 aP_HYDROXY_PHENYLPYRUVATE_p <=> 2_KETOGLUTARATE_p + TYR_p,0.0004105801480939254
RXN_9539_p,MALONYL_ACP_p + Myristoyl_ACPs_p + PROTON_p --> 3_oxo_palmitoyl_ACPs_p + ACP_p + CARBON_DIOXIDE_p,0.0
VAL_pc,VAL_p <=> VAL_c,0.002718706608667374
HOMOSERKIN_RXN_p,0.9 ATP_p + HOMO_SER_p + 0.1 aATP_p --> 0.8 ADP_p + O_PHOSPHO_L_HOMOSERINE_p + 0.9 PROTON_p + 0.2 aADP_p,0.008877409418478295
GLN_GLU_pc,GLN_p + GLT_c <=> GLN_c + GLT_p,0.023613909045316836
6PGLUCONDEHYDROG_RXN_c,CPD_2961_c + NADP_c --> CARBON_DIOXIDE_c + NADPH_c + RIBULOSE_5P_c,0.25893900880570275
NADPHoxc_tx,NADPH_c + 0.5 OXYGEN_MOLECULE_c + PROTON_c --> NADP_c + WATER_c,0.47333333333333333
1_PERIOD_2_PERIOD_1_PERIOD_9_RXN_c,GAP_c + NADP_c + WATER_c --> G3P_c + NADPH_c + 2.0 PROTON_c,0.0
ATPPHOSPHORIBOSYLTRANS_RXN_p,0.9 ATP_p + 0.8 PRPP_p + 0.1 aATP_p + 0.2 aPRPP_p --> PHOSPHORIBOSYL_ATP_p + 0.55 PPI_p + 0.75 PROTON_p + 0.45 bPPI_p,0.00041058014809392543
RXN_969_x,GLYCOLLATE_x + OXYGEN_MOLECULE_x --> GLYOX_x + HYDROGEN_PEROXIDE_x,4.9197
ACETOLACTSYN_RXN_p,PROTON_p + 2.0 PYRUVATE_p --> 2_ACETO_LACTATE_p + CARBON_DIOXIDE_p,0.004738317212635326
RXN1F_66_p,CHLOROPHYLLIDE_A_p + 0.8 PHYTYL_PYROPHOSPHATE_p + 0.2 aPHYTYL_PYROPHOSPHATE_p <=> CHLOROPHYLL_A_p + 0.55 PPI_p + 0.65 PROTON_p + 0.45 bPPI_p,0.0
RXN490_3650_p,Oxidized_ferredoxins_p + Photon_p + Plastocyanin_Reduced_p --> Oxidized_Plastocyanins_p + Reduced_ferredoxins_p,0.0
pTYR_biomass,2.0 PROTON_c + TYR_tRNAs_c + pTYR_b <-- Charged_TYR_tRNAs_c + Protein_polymerisation_cost_c + Protein_processing_cost_c + Protein_tranlocation_cost_c + WATER_c,0.0
AMP_ATP_xc,AMP_x + 0.65 ATP_c + 0.35 PROTON_x + 0.35 aATP_c <=> AMP_c + 0.65 ATP_x + 0.35 PROTON_c + 0.35 aATP_x,0.0008211602961840969
PEPCARBOX_RXN_c,HCO3_c + PHOSPHO_ENOL_PYRUVATE_c + 0.3 PROTON_c --> OXALACETIC_ACID_c + 0.7 Pi_c + 0.3 aPi_c,0.05827362758535093
ACET_pc,ACET_p <=> ACET_c,0.0004105801480901712
MG2_rev_vc,MGII_c + 2.0 PROTON_v --> MGII_v + 2.0 PROTON_c,0.0
PHOSPHORIBULOKINASE_RXN_p,0.9 ATP_p + RIBULOSE_5P_p + 0.1 aATP_p --> 0.8 ADP_p + D_RIBULOSE_15_P2_p + 0.9 PROTON_p + 0.2 aADP_p,0.0
2KG_MAL_pc,2_KETOGLUTARATE_p + MAL_c <=> 2_KETOGLUTARATE_c + MAL_p,-2.5410935539013484
GLY_xc,GLY_x <=> GLY_c,4.945730228890452
PHE_pc,PHE_p <=> PHE_c,0.0055927679395277475
SUC_CIT_mc,CIT_c + PROTON_c + SUC_m <=> CIT_m + PROTON_m + SUC_c,0.0
2PGADEHYDRAT_RXN_p,2_PG_p <=> PHOSPHO_ENOL_PYRUVATE_p + WATER_p,0.0893632900941438
GDPKIN_RXN_c,0.65 ATP_c + 0.5 GDP_c + 0.35 aATP_c + 0.5 aGDP_c <=> 0.5 ADP_c + 0.65 GTP_c + 0.5 aADP_c + 0.35 aGTP_c,0.0
RXN_9659_p,2_Octenoyl_ACPs_p + NADH_p + PROTON_p --> NAD_p + Octanoyl_ACPs_p,0.0
RXN_1827_p,2.0 STARCH_p + WATER_p --> MALTOSE_p,0.0
CITSYN_RXN_x,ACETYL_COA_x + OXALACETIC_ACID_x + WATER_x --> CIT_x + CO_A_x + PROTON_x,0.0
PRO_TRNA_LIGASE_RXN_c,0.65 ATP_c + PRO_c + PRO_tRNAs_c + 0.35 aATP_c --> AMP_c + Charged_PRO_tRNAs_c + 0.65 PPI_c + PROTON_c + 0.35 aPPI_c,0.0
H2O_mc,WATER_m <=> WATER_c,3.0694744721561116
2PGADEHYDRAT_RXN_c,2_PG_c <=> PHOSPHO_ENOL_PYRUVATE_c + WATER_c,0.4219279641941011
FORMATE_pc,FORMATE_p <=> FORMATE_c,0.0
1_PERIOD_5_PERIOD_1_PERIOD_9_RXN_c,NAD_c + SACCHAROPINE_c + WATER_c --> ALLYSINE_c + GLT_c + NADH_c + PROTON_c,1.8830098433842046e-13
PRTRANS_RXN_p,N_5_PHOSPHORIBOSYL_ANTHRANILATE_p + 0.55 PPI_p + 0.65 PROTON_p + 0.45 bPPI_p <=> ANTHRANILATE_p + 0.8 PRPP_p + 0.2 aPRPP_p,-0.0004105801480939255
DAHPSYN_RXN_p,ERYTHROSE_4P_p + PHOSPHO_ENOL_PYRUVATE_p + WATER_p --> 3_DEOXY_D_ARABINO_HEPTULOSONATE_7_P_p + Pi_p,0.006413928235715598
CYSPH_RXN_p,CYS_p + O_PHOSPHO_L_HOMOSERINE_p --> L_CYSTATHIONINE_p + Pi_p,0.002119481503807386
Glycerol_biomass,Glycerol_b <-- GLYCEROL_3P_c,0.0
2_PERIOD_5_PERIOD_1_PERIOD_19_RXN_p,PHOSPHO_ENOL_PYRUVATE_p + SHIKIMATE_5P_p --> 3_ENOLPYRUVYL_SHIKIMATE_5P_p + Pi_p,0.006413928235715598
2_AMINOADIPATE_AMINOTRANSFERASE_RXN_c,2_KETOGLUTARATE_c + CPD_468_c --> 2K_ADIPATE_c + GLT_c,1.8830098433842046e-13
ORNCARBAMTRANSFER_RXN_p,CARBAMOYL_P_p + L_ORNITHINE_p <=> L_CITRULLINE_p + PROTON_p + Pi_p,0.00041058014809392543
IPP_biosynthesis_c,3.0 ACETYL_COA_c + 1.95 ATP_c + 2.0 NADPH_c + 1.26 PROTON_c + WATER_c + 1.05 aATP_c --> 1.5 ADP_c + CARBON_DIOXIDE_c + 3.0 CO_A_c + 0.49 DELTA3_ISOPENTENYL_PP_c + 2.0 NADP_c + 0.7 Pi_c + 1.5 aADP_c + 0.51 aDELTA3_ISOPENTENYL_PP_c + 0.3 aPi_c,0.0
PREPHENATE_DEHYDROGENASE_NADP_RXN_p,NADP_p + PREPHENATE_p --> CARBON_DIOXIDE_p + NADPH_p + 0.82 P_HYDROXY_PHENYLPYRUVATE_p + 0.18 aP_HYDROXY_PHENYLPYRUVATE_p,0.0
HISTOLDEHYD_RXN_p,HISTIDINOL_p + NAD_p --> 0.35 HISTIDINAL_p + NADH_p + 1.35 PROTON_p + 0.65 bHISTIDINAL_p,0.0
RXN0_5330_NADP_c,NADPH_c + PROTON_c + UBIQUINONE_mc --> NADP_c + UBIQUINOL_mc,0.0
HISTALDEHYD_RXN_p,0.35 HISTIDINAL_p + NAD_p + WATER_p + 0.65 bHISTIDINAL_p --> HIS_p + NADH_p + 1.65 PROTON_p,0.0
RXN_14903_mi,PRO_m + UBIQUINONE_mi --> L_DELTA1_PYRROLINE_5_CARBOXYLATE_m + PROTON_m + UBIQUINOL_mi,0.0
GLUTAMATE_N_ACETYLTRANSFERASE_RXN_p,GLT_p + N_ALPHA_ACETYLORNITHINE_p --> ACETYL_GLU_p + L_ORNITHINE_p,0.0004105801480939255
PROTON_PPi_rev_vc,0.65 PPI_c + 0.25 PROTON_c + WATER_c + 0.35 aPPI_c --> PROTON_v + 1.4 Pi_c + 0.6 aPi_c,0.00286955793810707
RXN_9958_NAD_m,CO_A_m + MALONATE_S_ALD_m + NAD_m --> ACETYL_COA_m + CARBON_DIOXIDE_m + NADH_m,0.0
GLN_GLU_mc,GLN_m + GLT_c <=> GLN_c + GLT_m,0.0
NADPH_Dehydrogenase_p,PLASTOQUINONE_p + 6.0 PROTON_p + 2.0 Reduced_ferredoxins_p --> 2.0 Oxidized_ferredoxins_p + PLASTOQUINOL_1_p + 4.0 PROTON_l,0.0
CITSYN_RXN_m,ACETYL_COA_m + OXALACETIC_ACID_m + WATER_m --> CIT_m + CO_A_m + PROTON_m,0.4214140493965039
OROTPDECARB_RXN_p,OROTIDINE_5_PHOSPHATE_p + PROTON_p --> CARBON_DIOXIDE_p + UMP_p,0.0
SUC_ACONITATE_mc,CIS_ACONITATE_c + PROTON_c + SUC_m <=> CIS_ACONITATE_m + PROTON_m + SUC_c,0.0
K_biomass,K_b <-- KI_v,0.0
PYRROLINECARBREDUCT_RXN_NADP_c,L_DELTA1_PYRROLINE_5_CARBOXYLATE_c + NADPH_c + PROTON_c --> NADP_c + PRO_c,0.0
Nitrate_tx, --> NITRATE_e,0.0
FUM_PROTON_vc,FUM_c + 2.0 PROTON_v <=> 0.92 FUM_v + 1.92 PROTON_c + 0.08 aFUM_v,0.0
RXN_9537_p,R_3_hydroxymyristoyl_ACPs_p --> Tetradec_2_enoyl_ACPs_p + WATER_p,0.0
SER_xc,SER_x <=> SER_c,-2.466989379266693
TRP_PROTON_vc,PROTON_v + TRP_c --> PROTON_c + TRP_v,0.0
Photon_ep,Photon_e --> Photon_p,0.0
AICARTRANSFORM_RXN_p,10_FORMYL_THF_p + AICAR_p --> PHOSPHORIBOSYL_FORMAMIDO_CARBOXAMIDE_p + THF_p,0.0004105801480939255
SULFITE_OXIDASE_RXN_m,OXYGEN_MOLECULE_m + 0.83 SO3_m + WATER_m + 0.17 aSO3_m --> HYDROGEN_PEROXIDE_m + 0.17 PROTON_m + SULFATE_m,0.0
CELLULOSE_SYNTHASE_GDP_FORMING_RXN_c,GDP_D_GLUCOSE_c --> CELLULOSE_c + 0.5 GDP_c + 0.5 PROTON_c + 0.5 aGDP_c,0.0
sGLN_biomass,sGLN_b <-- GLN_c,0.0
SO4_tx, <=> SULFATE_e,0.0008211602961840967
RXN_7985_p,ASCORBATE_p + CPD1F_131_p --> CPD1F_130_p + L_DEHYDRO_ASCORBATE_p + WATER_p,0.0
RIB5PISOM_RXN_p,RIBOSE_5P_p <=> RIBULOSE_5P_p,-0.08899841921127098
2_PERIOD_7_PERIOD_1_PERIOD_90_RXN_c,FRUCTOSE_6P_c + 0.65 PPI_c + 0.35 aPPI_c <=> FRUCTOSE_16_DIPHOSPHATE_c + 1.05 PROTON_c + 0.7 Pi_c + 0.3 aPi_c,0.0
ORNITHINE_CITRULLINE_mc,L_CITRULLINE_c + L_ORNITHINE_m <=> L_CITRULLINE_m + L_ORNITHINE_c,0.0
pPRO_biomass,2.0 PROTON_c + PRO_tRNAs_c + pPRO_b <-- Charged_PRO_tRNAs_c + Protein_polymerisation_cost_c + Protein_processing_cost_c + Protein_tranlocation_cost_c + WATER_c,0.0
NH4_tx, --> AMMONIUM_e,0.0
ADENYLOSUCCINATE_SYNTHASE_RXN_p,0.9 GTP_p + IMP_p + L_ASPARTATE_p + 0.1 aGTP_p --> ADENYLOSUCC_p + 0.2 GDP_p + 1.3 PROTON_p + Pi_p + 0.8 aGDP_p,0.00041058014809392543
FERRIC_CHELATE_REDUCTASE_RXN_c,2.0 FeIII_c + NADH_c --> 2.0 FeII_c + NAD_c + PROTON_c,0.0
OAA_xc,OXALACETIC_ACID_x <=> OXALACETIC_ACID_c,2.4669893792665047
ATPase_tx,0.65 ATP_c + WATER_c + 0.35 aATP_c --> 0.5 ADP_c + 0.55 PROTON_c + 0.7 Pi_c + 0.5 aADP_c + 0.3 aPi_c,4.26
UDPKIN_RXN_c,0.65 ATP_c + 0.15 PROTON_c + 0.5 UDP_c + 0.35 aATP_c + 0.5 aUDP_c <=> 0.5 ADP_c + 0.5 UTP_c + 0.5 aADP_c + 0.5 aUTP_c,0.7864829910670439
NADPHoxp_tx,NADPH_p + 0.5 OXYGEN_MOLECULE_p + PROTON_p --> NADP_p + WATER_p,0.47333333333333333
4_AMINO_BUTYRATE_mc,4_AMINO_BUTYRATE_m <=> 4_AMINO_BUTYRATE_c,0.0
6PFRUCTPHOS_RXN_c,0.65 ATP_c + FRUCTOSE_6P_c + 0.35 aATP_c --> 0.5 ADP_c + FRUCTOSE_16_DIPHOSPHATE_c + 0.85 PROTON_c + 0.5 aADP_c,0.0
3_HYDROXYISOBUTYRYL_COA_HYDROLASE_RXN_m,CPD_12173_m + WATER_m --> CO_A_m + CPD_12175_m + PROTON_m,0.0
RXN66_3_c,ACETALD_c + NAD_c + WATER_c --> ACET_c + NADH_c + 2.0 PROTON_c,0.0
RXN66_3_m,ACETALD_m + NAD_m + WATER_m --> ACET_m + NADH_m + 2.0 PROTON_m,0.0
UDPKIN_RXN_p,0.9 ATP_p + 1.73 PROTON_p + 0.81 UDP_p + 0.1 aATP_p + 0.19 aUDP_p <=> 0.8 ADP_p + 0.18 UTP_p + 0.2 aADP_p + 0.82 aUTP_p,0.0
RXN_10773_c,CELLULOSE_c + WATER_c --> GLC_c,0.0
pASN_biomass,ASN_tRNAs_c + 2.0 PROTON_c + pASN_b <-- Charged_ASN_tRNAs_c + Protein_polymerisation_cost_c + Protein_processing_cost_c + Protein_tranlocation_cost_c + WATER_c,0.0
Sucrose_ec,PROTON_e + SUCROSE_e --> PROTON_c + SUCROSE_c,0.0
GLY_mc,GLY_m <=> GLY_c,-4.9450311328857595
DGDPKIN_RXN_p,0.9 ATP_p + 0.5 DGDP_p + 0.1 PROTON_p + 0.1 aATP_p + 0.1 aDGDP_p + 0.4 bDGDP_p --> 0.8 ADP_p + 0.5 DGTP_p + 0.2 aADP_p + 0.1 aDGTP_p + 0.4 bDGTP_p,0.0
DUDPKIN_RXN_p,0.9 ATP_p + 0.81 DUDP_p + 0.1 PROTON_p + 0.1 aATP_p + 0.19 aDUDP_p --> 0.8 ADP_p + 0.81 DUTP_p + 0.2 aADP_p + 0.19 aDUTP_p,0.0
RXN_8991_p,CPD_9451_p + WATER_p --> 2_D_THREO_HYDROXY_3_CARBOXY_ISOCAPROATE_p,0.0020196106039679514
ACETATE_COA_LIGASE_RXN_p,ACET_p + 0.9 ATP_p + CO_A_p + 0.1 aATP_p --> ACETYL_COA_p + AMP_p + 0.55 PPI_p + 0.55 PROTON_p + 0.45 bPPI_p,0.0
ETHANOLAMINEPHOSPHOTRANSFERASE_RXN_r,CDP_ETHANOLAMINE_m + DIACYLGLYCEROL_r --> CMP_m + L_1_PHOSPHATIDYL_ETHANOLAMINE_r + 3.0 PROTON_c,0.0
sSUC_biomass,sSUC_b <-- SUC_c,0.0
RXN0_2382_p,INDOLE_p + SER_p --> TRP_p + WATER_p,0.00041058014809392543
Protein_Translocation_c,0.93925 ATP_c + 1.445 WATER_c + 0.50575 aATP_c --> 0.7225 ADP_c + 0.79475 PROTON_c + 1.0115 Pi_c + Protein_tranlocation_cost_c + 0.7225 aADP_c + 0.4335 aPi_c,0.0
THYMIDYLATESYN_RXN_m,DUMP_m + METHYLENE_THF_m --> DIHYDROFOLATE_m + DTMP_m,0.0
L_ALPHA_ALANINE_PROTON_rev_vc,L_ALPHA_ALANINE_v + PROTON_v --> L_ALPHA_ALANINE_c + PROTON_c,0.0
ATP_CITRATE_PRO_S_LYASE_RXN_c,0.65 ATP_c + CIT_c + CO_A_c + 0.45 PROTON_c + 0.35 aATP_c --> ACETYL_COA_c + 0.5 ADP_c + OXALACETIC_ACID_c + 0.7 Pi_c + 0.5 aADP_c + 0.3 aPi_c,0.0004105801480939254
2KG_ACONITATE_mc,2_KETOGLUTARATE_m + CIS_ACONITATE_c + PROTON_c <=> 2_KETOGLUTARATE_c + CIS_ACONITATE_m + PROTON_m,0.007374599658946015
AMP_DEAMINASE_RXN_c,AMP_c + 0.7 PROTON_c + WATER_c --> AMMONIUM_c + 0.3 IMP_c + 0.7 aIMP_c,0.0
FUMARYLACETOACETASE_RXN_c,4_FUMARYL_ACETOACETATE_c + WATER_c --> ACETOACETATE_c + FUM_c + PROTON_c,0.0
SO4_pc,SULFATE_p <=> SULFATE_c,-0.0008211602961840968
NH4_vc,AMMONIUM_v <=> AMMONIUM_c,0.0
GLC_pc,GLC_p <=> GLC_c,-2.820384303928288e-17
MAL_PROTON_rev_vc,0.7 MAL_v + 1.7 PROTON_v + 0.3 aMAL_v --> MAL_c + 2.0 PROTON_c,0.0
CARBOXYCYCLOHEXADIENYL_DEHYDRATASE_RXN_p,CPD_659_p + PROTON_p --> CARBON_DIOXIDE_p + PHE_p + WATER_p,0.0055927679395277475
ASPARAGINE_TRNA_LIGASE_RXN_c,ASN_c + ASN_tRNAs_c + 0.65 ATP_c + PROTON_c + 0.35 aATP_c --> AMP_c + Charged_ASN_tRNAs_c + 0.65 PPI_c + 0.35 aPPI_c,0.0
GLU6PDEHYDROG_RXN_p,GLC_6_P_p + NADP_p --> D_6_P_GLUCONO_DELTA_LACTONE_p + NADPH_p + PROTON_p,0.0
METHYLENE_THF_mc,METHYLENE_THF_m <=> METHYLENE_THF_c,0.0008211602961805803
GMP_SYN_GLUT_RXN_c,0.65 ATP_c + GLN_c + WATER_c + 0.93 XANTHOSINE_5_PHOSPHATE_c + 0.35 aATP_c + 0.07 aXANTHOSINE_5_PHOSPHATE_c --> AMP_c + GLT_c + 0.75 GMP_c + 0.65 PPI_c + 1.2 PROTON_c + 0.06 aGMP_c + 0.35 aPPI_c + 0.19 bGMP_c,0.0
GLU6PDEHYDROG_RXN_c,GLC_6_P_c + NADP_c --> D_6_P_GLUCONO_DELTA_LACTONE_c + NADPH_c + PROTON_c,0.2589390088057028
ACETATE_COA_LIGASE_RXN_x,ACET_x + 0.65 ATP_x + CO_A_x + 0.35 aATP_x --> ACETYL_COA_x + AMP_x + 0.65 PPI_x + 0.35 aPPI_x,0.0008211602961840967
ARGININE_TRNA_LIGASE_RXN_c,ARG_c + ARG_tRNAs_c + 0.65 ATP_c + PROTON_c + 0.35 aATP_c --> AMP_c + Charged_ARG_tRNAs_c + 0.65 PPI_c + 0.35 aPPI_c,0.0
RXN_15130_p,L_CYSTATHIONINE_p + WATER_p --> 2_OXOBUTANOATE_p + AMMONIUM_p + CYS_p,0.0017089013557172144
ADENOSINE_KINASE_RXN_c,ADENOSINE_c + 0.65 ATP_c + 0.35 aATP_c --> 0.5 ADP_c + AMP_c + 0.85 PROTON_c + 0.5 aADP_c,3.754200215426562e-15
AraCore_Biomass_tx,0.88 Ca_b + 5.24035317082 Cellulose_b + 0.7711523918 FattyAcid_b + 0.35252680768 Glycerol_b + 1.8 K_b + 0.58 Mg_b + 0.737378316406 Starch_b + 1.13494168432 Xylan_b + 0.456109633051 pALA_b + 0.248708916305 pARG_b + 0.244231166515 pASN_b + 0.244231166515 pASP_b + 0.294390076845 pGLN_b + 0.294390076845 pGLU_b + 0.206565786551 pGLY_b + 0.0787758328997 pHIS_b + 0.164930826186 pILE_b + 0.359404209428 pLEU_b + 0.25644187977 pLYS_b + 0.108683911354 pMET_b + 0.237379330463 pPHE_b + 0.364526466737 pSER_b + 0.206565786551 pTHR_b + 0.165404065972 pTYR_b + 0.312041920884 pVAL_b + 0.455157519671 sALA_b + 0.0936480692493 sASP_b + 0.263720758392 sCIT_b + 0.00569181000938 sFUM_b + 0.0963597332263 sGABA_b + 0.348854342472 sGLN_b + 0.31716192467 sGLU_b + 0.429658909266 sMAL_b + 0.140570808172 sSUCROSE_b + 0.0664569505509 sSUC_b --> ,0.0
PHOSGLYPHOS_RXN_p,0.9 ATP_p + G3P_p + 0.1 PROTON_p + 0.1 aATP_p <=> 0.8 ADP_p + DPG_p + 0.2 aADP_p,-0.49644257519134577
2_PERIOD_7_PERIOD_7_PERIOD_44_RXN_c,CPD_510_c + 0.85 PROTON_c + 0.5 UTP_c + 0.5 aUTP_c <=> 0.65 PPI_c + UDP_GLUCURONATE_c + 0.35 aPPI_c,0.0
pGLN_biomass,GLN_tRNAs_c + 2.0 PROTON_c + pGLN_b <-- Charged_GLN_tRNAs_c + Protein_polymerisation_cost_c + Protein_processing_cost_c + Protein_tranlocation_cost_c + WATER_c,0.0
SUCCINYL_COA_HYDROLASE_RXN_m,SUC_COA_m + WATER_m --> CO_A_m + PROTON_m + SUC_m,0.0
pHIS_biomass,HIS_tRNAs_c + 2.0 PROTON_c + pHIS_b <-- Charged_HIS_tRNAs_c + Protein_polymerisation_cost_c + Protein_processing_cost_c + Protein_tranlocation_cost_c + WATER_c,0.0
BHBDCLOS_RXN_x,CPD_650_x + NAD_x --> ACETOACETYL_COA_x + NADH_x + PROTON_x,1.883009843384204e-13
K_tx, <=> KI_e,0.0
SULFITE_REDUCTASE_FERREDOXIN_RXN_p,6.83 PROTON_p + 6.0 Reduced_ferredoxins_p + 0.83 SO3_p + 0.17 aSO3_p --> HS_p + 6.0 Oxidized_ferredoxins_p + 3.0 WATER_p,0.0008211602961840967
GLUTKIN_RXN_c,0.65 ATP_c + GLT_c + 0.35 aATP_c --> 0.5 ADP_c + 0.91 L_GLUTAMATE_5_P_c + 0.76 PROTON_c + 0.5 aADP_c + 0.09 aL_GLUTAMATE_5_P_c,0.00041058014809392543
TYROSINE_AMINOTRANSFERASE_RXN_c,2_KETOGLUTARATE_c + TYR_c <=> GLT_c + 0.53 PROTON_c + 0.53 P_HYDROXY_PHENYLPYRUVATE_c + 0.47 aP_HYDROXY_PHENYLPYRUVATE_c,0.0
unlProtHYPO_c, --> PROTON_c,12.787090348309308
MYO_INOSITOL_1_PHOSPHATE_SYNTHASE_RXN_c,GLC_6_P_c --> 1_L_MYO_INOSITOL_1_P_c,0.0
pCYS_biomass,CYS_tRNAs_c + 2.0 PROTON_c + pCYS_b <-- Charged_CYS_tRNAs_c + Protein_polymerisation_cost_c + Protein_processing_cost_c + Protein_tranlocation_cost_c + WATER_c,0.0
3_HYDROXYPROPIONATE_DEHYDROGENASE_RXN_m,3_HYDROXY_PROPIONATE_m + NAD_m --> MALONATE_S_ALD_m + NADH_m + PROTON_m,0.0
LYS_PROTON_rev_vc,LYS_v + PROTON_v --> LYS_c + PROTON_c,0.0
2_KETOGLUTARATE_xc,2_KETOGLUTARATE_x <=> 2_KETOGLUTARATE_c,2.4787408496237577
GLY_pc,GLY_p <=> GLY_c,0.0
RXN_12486_c,GDP_D_GLUCOSE_c + 0.7 Pi_c + 0.3 aPi_c --> 0.5 GDP_c + GLC_1_P_c + 0.8 PROTON_c + 0.5 aGDP_c,0.0
PHOSPHATIDATE_PHOSPHATASE_RXN_p,L_PHOSPHATIDATE_p + WATER_p --> DIACYLGLYCEROL_p + Pi_p,0.0
SAICARSYN_RXN_p,0.9 ATP_p + L_ASPARTATE_p + 0.88 PHOSPHORIBOSYL_CARBOXY_AMINOIMIDAZOLE_p + 0.1 aATP_p + 0.12 aPHOSPHORIBOSYL_CARBOXY_AMINOIMIDAZOLE_p --> 0.8 ADP_p + 1.02 PROTON_p + P_RIBOSYL_4_SUCCCARB_AMINOIMIDAZOLE_p + Pi_p + 0.2 aADP_p,0.0
SER_mc,SER_m <=> SER_c,2.472104986294789
RXN_2141_p,MALTOSE_p + WATER_p --> 2.0 GLC_p,0.0
ARG_ORNITHINE_mc,ARG_m + L_ORNITHINE_c <=> ARG_c + L_ORNITHINE_m,0.0
GMP_pc,0.5 GMP_p + 0.37 PROTON_c + 0.5 bGMP_p <=> 0.75 GMP_c + 0.06 aGMP_c + 0.19 bGMP_c,0.0
SUCROSE_SYNTHASE_RXN_c,0.5 PROTON_c + SUCROSE_c + 0.5 UDP_c + 0.5 aUDP_c --> FRU_c + UDP_GLUCOSE_c,0.00970966655759393
RXN_14351_pc,MALTOSE_p --> MALTOSE_c,0.0
ARG_LYS_mc,ARG_m + LYS_c <=> ARG_c + LYS_m,0.0
GLYRIBONUCSYN_RXN_p,0.5 5_P_BETA_D_RIBOSYL_AMINE_p + 0.9 ATP_p + GLY_p + 0.18 PROTON_p + 0.5 a5_P_BETA_D_RIBOSYL_AMINE_p + 0.1 aATP_p --> 0.42 5_PHOSPHO_RIBOSYL_GLYCINEAMIDE_p + 0.8 ADP_p + Pi_p + 0.58 a5_PHOSPHO_RIBOSYL_GLYCINEAMIDE_p + 0.2 aADP_p,0.0
RXN66_1_c,ETOH_c + HYDROGEN_PEROXIDE_c --> ACETALD_c + 2.0 WATER_c,0.0
ETHANOLAMINE_KINASE_RXN_c,0.65 ATP_c + ETHANOL_AMINE_c + 0.35 aATP_c --> 0.5 ADP_c + 0.87 PHOSPHORYL_ETHANOLAMINE_c + 0.72 PROTON_c + 0.5 aADP_c + 0.13 aPHOSPHORYL_ETHANOLAMINE_c,0.0
ISOCITRATE_ACONITATE_mc,CIS_ACONITATE_c + THREO_DS_ISO_CITRATE_m <=> CIS_ACONITATE_m + THREO_DS_ISO_CITRATE_c,0.0
PHOSGLYPHOS_RXN_c,0.65 ATP_c + G3P_c + 0.15 PROTON_c + 0.35 aATP_c <=> 0.5 ADP_c + DPG_c + 0.5 aADP_c,-0.0003831998302171133
CHORISMATE_SYNTHASE_RXN_p,3_ENOLPYRUVYL_SHIKIMATE_5P_p --> CHORISMATE_p + Pi_p,0.006413928235715599
MAL_CIT_mc,CIT_c + MAL_m + PROTON_c <=> CIT_m + MAL_c + PROTON_m,0.0
SPONTPRO_RXN_m,L_GLUTAMATE_GAMMA_SEMIALDEHYDE_m <=> L_DELTA1_PYRROLINE_5_CARBOXYLATE_m + PROTON_m + WATER_m,0.0
METHYLENE_THF_pc,METHYLENE_THF_p <=> METHYLENE_THF_c,7.166165961560752e-15
RXN_3521_p,2.0 ASCORBATE_p + HYDROGEN_PEROXIDE_p --> 2.0 CPD_318_p + 2.0 WATER_p,0.0
CYSTATHIONINE_BETA_LYASE_RXN_p,L_CYSTATHIONINE_p + WATER_p --> AMMONIUM_p + HOMO_CYS_p + PYRUVATE_p,0.00041058014809017127
6PFRUCTPHOS_RXN_p,0.9 ATP_p + FRUCTOSE_6P_p + 0.1 aATP_p --> 0.8 ADP_p + FRUCTOSE_16_DIPHOSPHATE_p + 0.9 PROTON_p + 0.2 aADP_p,0.0
PRIBFAICARPISOM_RXN_p,PHOSPHORIBOSYL_FORMIMINO_AICAR_P_p --> PHOSPHORIBULOSYL_FORMIMINO_AICAR_P_p,0.0004105801480939255
METHYLCROTONYL_COA_CARBOXYLASE_RXN_m,3_METHYL_CROTONYL_COA_m + 0.9 ATP_m + HCO3_m + 0.1 aATP_m --> 0.8 ADP_m + 0.9 PROTON_m + Pi_m + TRANS_3_METHYL_GLUTACONYL_COA_m + 0.2 aADP_m,0.0
ATP_AMP_mc,AMP_c + 0.9 ATP_m + 0.35 PROTON_c + 0.1 aATP_m <=> AMP_m + 0.65 ATP_c + 0.1 PROTON_m + 0.35 aATP_c,0.0022970296176501115
METHYLENETHFDEHYDROG_NADP_RXN_c,METHYLENE_THF_c + NADP_c --> 5_10_METHENYL_THF_c + NADPH_c,0.00041058014809357334
GLN_PROTON_vc,GLN_c + PROTON_v --> GLN_v + PROTON_c,0.0
SPONTPRO_RXN_c,L_GLUTAMATE_GAMMA_SEMIALDEHYDE_c <=> L_DELTA1_PYRROLINE_5_CARBOXYLATE_c + WATER_c,0.0004105801480939255
ARG_mc,ARG_m <=> ARG_c,0.0
Phytol_degradation_p,2.0 NAD_p + PHYTOL_p + WATER_p --> CPD_14927_p + 2.0 NADH_p + 3.0 PROTON_p,0.0
GLC_tx, --> GLC_e,0.0
SER_pc,SER_p <=> SER_c,-0.0008211602961846254
sARG_biomass,ARG_c --> sARG_b,0.0
sHIS_biomass,HIS_c --> sHIS_b,0.0
sLYS_biomass,LYS_c --> sLYS_b,0.0
sTHR_biomass,THR_c --> sTHR_b,0.0
sASN_biomass,ASN_c --> sASN_b,0.0
sCYS_biomass,CYS_c --> sCYS_b,0.0
sGLY_biomass,GLY_c --> sGLY_b,0.0
sPRO_biomass,PRO_c --> sPRO_b,0.0
sVAL_biomass,VAL_c --> sVAL_b,0.0
sILE_biomass,ILE_c --> sILE_b,0.0
sLEU_biomass,LEU_c --> sLEU_b,0.0
sMET_biomass,MET_c --> sMET_b,0.0
sPHE_biomass,PHE_c --> sPHE_b,0.0
sTYR_biomass,TYR_c --> sTYR_b,0.0
sTRP_biomass,TRP_c --> sTRP_b,0.0
DIACYLGLYCEROL_O_ACYLTRANSFERASE_RXN_p,DIACYLGLYCEROL_p + Long_Chain_Acyl_CoAs_p --> CO_A_p + 4.0 PROTON_p + Triacylglycerols_p,0.0
CDPDIGLYSYN_RXN_p,0.79 CTP_p + L_PHOSPHATIDATE_p + 0.34 PROTON_p + 0.21 aCTP_p --> CDPDIACYLGLYCEROL_p + 0.55 PPI_p + 0.45 bPPI_p,0.0
CDPDIGLYSYN_RXN_m,0.79 CTP_m + L_PHOSPHATIDATE_m + 0.34 PROTON_m + 0.21 aCTP_m --> CDPDIACYLGLYCEROL_m + 0.55 PPI_m + 0.45 bPPI_m,0.0
PHOSPHAGLYPSYN_RXN_p,CDPDIACYLGLYCEROL_p + GLYCEROL_3P_p --> CMP_p + 0.97 L_1_PHOSPHATIDYL_GLYCEROL_P_p + 0.97 PROTON_p + 0.03 aL_1_PHOSPHATIDYL_GLYCEROL_P_p,0.0
PHOSPHAGLYPSYN_RXN_m,CDPDIACYLGLYCEROL_m + GLYCEROL_3P_m --> CMP_m + 0.97 L_1_PHOSPHATIDYL_GLYCEROL_P_m + 0.97 PROTON_m + 0.03 aL_1_PHOSPHATIDYL_GLYCEROL_P_m,0.0
PGPPHOSPHA_RXN_p,0.97 L_1_PHOSPHATIDYL_GLYCEROL_P_p + WATER_p + 0.03 aL_1_PHOSPHATIDYL_GLYCEROL_P_p --> L_1_PHOSPHATIDYL_GLYCEROL_p + 0.03 PROTON_p + Pi_p,0.0
PGPPHOSPHA_RXN_m,0.97 L_1_PHOSPHATIDYL_GLYCEROL_P_m + WATER_m + 0.03 aL_1_PHOSPHATIDYL_GLYCEROL_P_m --> L_1_PHOSPHATIDYL_GLYCEROL_m + 0.03 PROTON_m + Pi_m,0.0
2_PERIOD_3_PERIOD_1_PERIOD_23_RXN_p,2_Lysophosphatidylcholines_r + Long_Chain_Acyl_CoAs_p <=> CO_A_p + PHOSPHATIDYL_CHOLINE_r + 4.0 PROTON_p,0.0
PHOSPHOLIPASE_A2_RXN_c,PHOSPHATIDYL_CHOLINE_r + WATER_c --> 2_Lysophosphatidylcholines_r + Fatty_Acids_c + PROTON_c,0.0
UDPGLUCEPIM_RXN_c,UDP_GLUCOSE_c <=> CPD_14553_c,0.0
2_PERIOD_4_PERIOD_1_PERIOD_46_RXN_p,CPD_14553_c + DIACYLGLYCEROL_p --> D_Galactosyl_12_diacyl_glycerols_p + 0.5 PROTON_c + 0.5 UDP_c + 0.5 aUDP_c,0.0
RXN_1225_p,CPD_14553_c + D_Galactosyl_12_diacyl_glycerols_p --> Galactosyl_galactosyl_diacyl_glycerols_p + 0.5 PROTON_c + 0.5 UDP_c + 0.5 aUDP_c,0.0
RXN_9623_p,0.9 ATP_p + CO_A_p + Fatty_Acids_p + 3.45 PROTON_p + 0.1 aATP_p --> AMP_p + Long_Chain_Acyl_CoAs_p + 0.55 PPI_p + 0.45 bPPI_p,0.0
RXN_9632_p,MALONYL_COA_p + PROTON_p + Palmitoyl_ACPs_p --> 3_oxo_stearoyl_ACPs_p + CARBON_DIOXIDE_p + CO_A_p,0.0
RXN_9633_p,3_oxo_stearoyl_ACPs_p + NADPH_p + PROTON_p --> NADP_p + R_3_hydroxystearoyl_ACPs_p,0.0
RXN_9634_p,R_3_hydroxystearoyl_ACPs_p --> Octadec_2_enoyl_ACPs_p + WATER_p,0.0
RXN_9635_p,NADH_p + Octadec_2_enoyl_ACPs_p + PROTON_p --> NAD_p + Stearoyl_ACPs_p + WATER_p,0.0
RXN_9548_p,Stearoyl_ACPs_p + WATER_p --> ACP_p + PROTON_p + STEARIC_ACID_p,0.0
palmitoyl_ACP_desaturase_p,Palmitoyl_ACPs_p + 2.0 Reduced_ferredoxins_p --> 2.0 Oxidized_ferredoxins_p + Palmitoleoyl_ACP_p,0.0
hexadecenoate_biosynthesis_p,Palmitoleoyl_ACP_p + WATER_p --> ACP_p + CPD_9245_p + PROTON_p,0.0
palmitoleoyl_ACP_desaturase_p,Palmitoleoyl_ACP_p + 2.0 Reduced_ferredoxins_p --> 2.0 Oxidized_ferredoxins_p + hexadecadienoate_ACP_p,0.0
hexadecadienoate_biosynthesis_p,WATER_p + hexadecadienoate_ACP_p --> ACP_p + CPD_17412_p + PROTON_p,0.0
hexadecadienoate_ACP_desaturase_p,2.0 Reduced_ferredoxins_p + hexadecadienoate_ACP_p --> 2.0 Oxidized_ferredoxins_p + hexadecatrienoate_ACP_p,0.0
hexadecatrienoate_biosynthesis_p,WATER_p + hexadecatrienoate_ACP_p --> ACP_p + CPD_17291_p + PROTON_p,0.0
RXN_7903_p,2.0 Reduced_ferredoxins_p + Stearoyl_ACPs_p --> Oleoyl_ACPs_p + 2.0 Oxidized_ferredoxins_p,0.0
3_PERIOD_1_PERIOD_2_PERIOD_14_RXN_p,Oleoyl_ACPs_p + WATER_p --> ACP_p + OLEATE_CPD_p + PROTON_p,0.0
Oleoyl_ACP_desaturase_p,Oleoyl_ACPs_p + 2.0 Reduced_ferredoxins_p --> Octadecadienoyl_ACP_p + 2.0 Oxidized_ferredoxins_p,0.0
Octadecadienoyl_ACP_hydrolase_p,Octadecadienoyl_ACP_p + WATER_p --> ACP_p + Octadecadienoate_p + PROTON_p,0.0
Octadecadienoyl_ACP_desaturase_p,Octadecadienoyl_ACP_p + 2.0 Reduced_ferredoxins_p --> Octadecatrienoyl_ACP_p + 2.0 Oxidized_ferredoxins_p,0.0
Octadecatrienoyl_ACP_hydrolase_p,Octadecatrienoyl_ACP_p + WATER_p --> ACP_p + LINOLENIC_ACID_p + PROTON_p,0.0
RXN1G_368_p,MALONYL_COA_p + PROTON_p + Stearoyl_ACPs_p --> 3_oxo_arachidoyl_ACPs_p + CARBON_DIOXIDE_p + CO_A_p,0.0
RXN1G_349_p,3_oxo_arachidoyl_ACPs_p + NADPH_p + PROTON_p --> NADP_p + R_3_hydroxyarachidoyl_ACPs_p,0.0
RXN1G_320_p,R_3_hydroxyarachidoyl_ACPs_p --> WATER_p + trans_delta2_arachidoyl_ACPs_p,0.0
RXN1G_395_p,NADH_p + PROTON_p + trans_delta2_arachidoyl_ACPs_p --> Arachidoyl_ACPs_p + NAD_p + WATER_p,0.0
RXN1G_445_p,Arachidoyl_ACPs_p + MALONYL_COA_p + PROTON_p --> 3_oxo_behenoyl_ACPs_p + CARBON_DIOXIDE_p + CO_A_p,0.0
RXN1G_469_p,3_oxo_behenoyl_ACPs_p + NADPH_p + PROTON_p --> NADP_p + R_3_hydroxybehenoyl_ACPs_p,0.0
RXN1G_363_p,R_3_hydroxybehenoyl_ACPs_p --> WATER_p + trans_delta2_behenoyl_ACPs_p,0.0
RXN1G_488_p,NADH_p + PROTON_p + trans_delta2_behenoyl_ACPs_p --> Behenoyl_ACPs_p + NAD_p + WATER_p,0.0
arachidate_biosynthesis_p,Arachidoyl_ACPs_p + WATER_p --> ACP_p + ARACHIDIC_ACID_p + PROTON_p,0.0
docosanoate_biosynthesis_p,Behenoyl_ACPs_p + WATER_p --> ACP_p + DOCOSANOATE_p + PROTON_p,0.0
Arachidoyl_ACP_desaturase_p,Arachidoyl_ACPs_p + 2.0 Reduced_ferredoxins_p --> Eicosenoyl_ACP_p + 2.0 Oxidized_ferredoxins_p,0.0
gadoleic_acid_biosynthesis_p,Eicosenoyl_ACP_p + WATER_p --> ACP_p + CPD_16709_p + PROTON_p,0.0
RXN_1223_p,PROTON_p + SO3_p + UDP_GLUCOSE_p --> UDP_SULFOQUINOVOSE_p + WATER_p,0.0
RXN_1224_p,DIACYLGLYCEROL_p + UDP_SULFOQUINOVOSE_p --> PROTON_p + SULFOQUINOVOSYLDIACYLGLYCEROL_p + UDP_p,0.0
GLUC1PURIDYLTRANS_RXN_p,GLC_1_P_p + 0.85 PROTON_p + 0.82 UTP_p + 0.18 aUTP_p <=> 0.55 PPI_p + UDP_GLUCOSE_p + 0.45 bPPI_p,0.0
LPG_biosynthesis_c,0.97 L_1_PHOSPHATIDYL_GLYCEROL_P_p + WATER_c + 0.03 aL_1_PHOSPHATIDYL_GLYCEROL_P_p --> Fatty_Acids_c + Lysophosphatidylglycerols_r + PROTON_c,0.0
Fatty_Acids_pc,Fatty_Acids_p <=> Fatty_Acids_c,0.0
2_PERIOD_7_PERIOD_8_PERIOD_11_RXN_r,CDPDIACYLGLYCEROL_p + MYO_INOSITOL_c --> CMP_p + L_1_phosphatidyl_inositols_r + PROTON_c,0.0
PHE_NH4_Lyase_c,PHE_c <=> AMMONIUM_c + CPD_674_c,0.0
TRANS_CINNAMATE_4_MONOOXYGENASE_RXN_c,CPD_674_c + NADPH_c + OXYGEN_MOLECULE_c + PROTON_c --> COUMARATE_c + NADP_c + WATER_c,0.0
RXN_8871_c,COUMARATE_c + WATER_c --> 0.34 4_HYDROXYBENZALDEHYDE_c + ACET_c + 0.66 PROTON_c + 0.66 a4_HYDROXYBENZALDEHYDE_c,0.0
RXN_8872_c,4_HYDROXYBENZALDEHYDE_c + NADPH_c + OXYGEN_MOLECULE_c + 0.42 PROTON_c --> 0.42 CPD_7616_c + NADP_c + WATER_c + 0.58 aCPD_7616_c,0.0
RXN_8873_c,0.42 CPD_7616_c + 0.2 PROTON_c + S_ADENOSYLMETHIONINE_c + 0.58 aCPD_7616_c --> ADENOSYL_HOMO_CYS_c + 0.62 VANILLIN_c + 0.38 aVANILLIN_c,0.0
4_COUMARATE_COA_LIGASE_RXN_c,0.65 ATP_c + COUMARATE_c + CO_A_c + 0.35 aATP_c --> AMP_c + 0.65 PPI_c + P_COUMAROYL_COA_c + 0.35 aPPI_c,0.0
2_PERIOD_3_PERIOD_1_PERIOD_133_RXN_c,P_COUMAROYL_COA_c + SHIKIMATE_c --> CO_A_c + CPD_412_c,0.0
RXN_2581_c,CPD_412_c + NADPH_c + OXYGEN_MOLECULE_c + PROTON_c --> CAFFEOYLSHIKIMATE_c + NADP_c + WATER_c,0.0
RXN_2621_c,CAFFEOYLSHIKIMATE_c + CO_A_c --> CAFFEOYL_COA_c + SHIKIMATE_c,0.0
RXN_1103_c,COUMARATE_c + NADPH_c + OXYGEN_MOLECULE_c + PROTON_c --> CPD_676_c + NADP_c + WATER_c,0.0
RXN_1104_c,CPD_676_c + S_ADENOSYLMETHIONINE_c --> ADENOSYL_HOMO_CYS_c + FERULIC_ACID_c + PROTON_c,0.0
FERULIC_ACID_pc,FERULIC_ACID_p <=> FERULIC_ACID_c,0.0
RXN_1104_p,FERULIC_ACID_p + WATER_p --> ACET_p + 0.61 PROTON_p + 0.39 VANILLIN_p + 0.61 aVANILLIN_p,0.0
VANILLIN_pc,0.23 PROTON_p + 0.39 VANILLIN_p + 0.61 aVANILLIN_p <=> 0.62 VANILLIN_c + 0.38 aVANILLIN_c,0.0
6_PERIOD_2_PERIOD_1_PERIOD_34_RXN_p,0.9 ATP_p + CO_A_p + FERULIC_ACID_p + 0.1 aATP_p --> AMP_p + FERULOYL_COA_p + 0.55 PPI_p + 0.45 bPPI_p,0.0
6_PERIOD_2_PERIOD_1_PERIOD_34_RXN_c,0.65 ATP_c + CO_A_c + FERULIC_ACID_c + 0.35 aATP_c --> AMP_c + FERULOYL_COA_c + 0.65 PPI_c + 0.35 aPPI_c,0.0
ACETOVANILLONE_SYNTHASE_c,FERULOYL_COA_c + NAD_c + 2.0 WATER_c --> 0.83 ACETOVANILLONE_c + CARBON_DIOXIDE_c + CO_A_c + NADH_c + 1.17 PROTON_c + 0.17 aACETOVANILLONE_c,0.0
ACETOVANILLONE_HYDROXYLASE_c,0.83 ACETOVANILLONE_c + NADPH_c + OXYGEN_MOLECULE_c + 1.05 PROTON_c + 0.17 aACETOVANILLONE_c --> 0.88 5_HYDROXY_ACETOVANILLONE_c + NADP_c + WATER_c + 0.12 a5_HYDROXY_ACETOVANILLONE_c,0.0
ACETOSYRINGONE_BIOSYNTHESIS_c,0.88 5_HYDROXY_ACETOVANILLONE_c + S_ADENOSYLMETHIONINE_c + 0.12 a5_HYDROXY_ACETOVANILLONE_c --> 0.56 ACETOSYRINGONE_c + ADENOSYL_HOMO_CYS_c + 0.32 PROTON_c + 0.44 aACETOSYRINGONE_c,0.0
RXN_1121_c,FERULIC_ACID_c + NADPH_c + OXYGEN_MOLECULE_c + PROTON_c --> 5_HYDROXY_FERULIC_ACID_c + NADP_c + WATER_c,0.0
RXN_3422_c,5_HYDROXY_FERULIC_ACID_c + S_ADENOSYLMETHIONINE_c --> ADENOSYL_HOMO_CYS_c + SINAPATE_c,0.0
SYRINGALDEHYDE_BIOSYNTHESIS_c,SINAPATE_c + WATER_c --> ACET_c + 0.69 PROTON_c + 0.31 SYRINGALDEHYDE_c + 0.69 aSYRINGALDEHYDE_c,0.0
SYRINGICACID_BIOSYNTHESIS_c,NAD_c + 0.31 SYRINGALDEHYDE_c + WATER_c + 0.69 aSYRINGALDEHYDE_c --> NADH_c + 1.31 PROTON_c + SYRINGIC_ACID_c,0.0
VANILLICACID_BIOSYNTHESIS_c,NAD_c + 0.62 VANILLIN_c + WATER_c + 0.38 aVANILLIN_c --> NADH_c + 1.62 PROTON_c + VANILLIC_ACID_c,0.0
Allantoin_tx,PROTON_e --> PROTON_c + 0.78 S_ALLANTOIN_c + 0.22 aS_ALLANTOIN_c,0.026851389187012593
Allantoin_rc,0.12 PROTON_r + 0.78 S_ALLANTOIN_c + 0.22 aS_ALLANTOIN_c <=> 0.9 S_ALLANTOIN_r + 0.1 aS_ALLANTOIN_r,0.026851389187012596
ALLANTOINASE_RXN_r,0.9 S_ALLANTOIN_r + WATER_r + 0.1 aS_ALLANTOIN_r --> ALLANTOATE_r + 0.9 PROTON_r,0.026851389187012596
ALLANTOATE_DEIMINASE_RXN_r,ALLANTOATE_r + 1.72 PROTON_r + WATER_r --> AMMONIUM_r + CARBON_DIOXIDE_r + 0.72 CPD0_2298_r + 0.28 aCPD0_2298_r,0.026851389187012593
URUR_RXN_r,0.72 CPD0_2298_r + 0.28 PROTON_r + WATER_r + 0.28 aCPD0_2298_r --> AMMONIUM_r + CPD_1091_r,0.026851389187012593
UREIDOGLYCOLATE_HYDROLASE_RXN_r,CPD_1091_r + 2 PROTON_r + WATER_r --> 2 AMMONIUM_r + CARBON_DIOXIDE_r + GLYOX_r,0.026851389187012593
CO2_rc,CARBON_DIOXIDE_r <=> CARBON_DIOXIDE_c,0.053702778374025185
glyox_rx,GLYOX_r --> GLYOX_x,0.026851389187012596
NH4_rc,AMMONIUM_r <=> AMMONIUM_c,0.10740555674805038
PROTON_rc,PROTON_r <=> PROTON_c,-0.08646147318218055
H2O_rc,WATER_r <=> WATER_c,-0.10740555674805038
GAP_tx, --> GAP_c,3.758
G3P_tx, --> G3P_c,0.007276100000000001
GLYCOLATE_tx, --> GLYCOLLATE_c,4.9197
GLYCERATE_tx,GLYCERATE_c --> ,2.4598
MAL_v_accumulation,0.7 MAL_v + 0.3 aMAL_v --> ,0.009565193127023567
CIT_v_accumulation,0.5 CIT_v + 0.5 aCIT_v <-- ,-0.007785179807039939
ATP_source_from_ODE,0.8 ADP_p + 0.9 PROTON_p + Pi_p + 0.2 aADP_p --> 0.9 ATP_p + WATER_p + 0.1 aATP_p,2.047
NADPH_source_from_ODE,NADP_p + WATER_p --> NADPH_p + OXYGEN_MOLECULE_p + PROTON_p,2.566
