Loop 0

ans =

   2.7830e-06


   Light intensity       Vc      Vo      VPGA    VT3P  Vstarch  Vt_glycerate  Vt_glycolate       A_slope  Max_Meta_slope
0             1000  27.7194  9.3553  0.010408  5.0051   1.3325        4.6776        9.3553  1.658500e-11        0.000003
No more input.
Sucrose export rate =-0.6944763202890185
PEPDEPHOS_RXN_p	0.014468703535757983=0.0
PHOSGLYPHOS_RXN_p	1.7331524608300333=0.0
ATP_ADP_Pi_pc	3.0651433588102304=0.0
3.0651433588102304
SHIKIMATE_KINASE_RXN_p	-0.006199340673383163=3.0651433588102304
SULFATE_ADENYLYLTRANS_RXN_p	-0.0007936871502829389=3.0651433588102304
PRPPSYN_RXN_p	-0.000793687150282988=3.0651433588102304
GLUTAMINESYN_RXN_p	-4.781349525409361=3.0651433588102304
ADENYL_KIN_RXN_p	-0.0023810614508483936=3.0651433588102304
HOMOSERKIN_RXN_p	-0.008580402408591974=3.0651433588102304
ASPARTATEKIN_RXN_p	-0.010682601057563771=3.0651433588102304
Extra APTase flux =3.0651433588102304
GLU6PDEHYDROG_RXN_p	0.596084540805828=0.0
1_PERIOD_18_PERIOD_1_PERIOD_2_RXN_p	-0.3138174910578315=0.0
ACETOLACTREDUCTOISOM_RXN_p	-0.004579789723263782=0.0
NADPHoxp_tx	-0.8544444444444445=0.0
SHIKIMATE_5_DEHYDROGENASE_RXN_p	-0.006199340673383163=0.0
6PGLUCONDEHYDROG_RXN_p	0.5960845408058278=0.0
ASPARTATE_SEMIALDEHYDE_DEHYDROGENASE_RXN_p	-0.010682601057563771=0.0
GLUTATHIONE_REDUCT_NADPH_RXN_p	-0.0007936871502829389=0.0
ACETOOHBUTREDUCTOISOM_RXN_p	-0.00165172750488615=0.0
HOMOSERDEHYDROG_RXN_NAD_p	-0.008580402408591974=0.0
PYRUVDEH_RXN_p	0.0023488850856554105=0.0
3_ISOPROPYLMALDEHYDROG_RXN_p	0.0019520415105139651=0.0
GLUTAMATE_SYNTHASE_NADH_RXN_p	-4.757731967859805=0.0
GAPOXNPHOSPHN_RXN_p	1.7331524608300333=0.0
DIHYDROPICRED_RXN_NAD_p	-0.0021021986489717977=0.0
MALATE_DEH_RXN_p	3.0241414970549854=0.0
3.0241414970549854
PGLYCDEHYDROG_RXN_p	0.006025997285899259=3.0241414970549854
Extra NADPH flux =3.0241414970549854

ODE ATPase 0.0
FBA ATPase 3.0651
ODE NADPHox 0.0
FBA NADPHox 3.0241
Loop 1

ans =

   1.5839e-05


   Light intensity       Vc      Vo      VPGA    VT3P  Vstarch  Vt_glycerate  Vt_glycolate       A_slope  Max_Meta_slope
0             1000  27.6956  9.3473  0.010464  5.0164   1.3236        4.6736        9.3473  8.351100e-10        0.000016
No more input.
Sucrose export rate =-0.8290282532369428
ATP_ADP_Pi_pc	0.4434003621664823=3.0651
0.4434003621664823
ASPARTATEKIN_RXN_p	-0.012752311060924261=3.5085003621664823
HOMOSERKIN_RXN_p	-0.010242820112145421=3.5085003621664823
SULFATE_ADENYLYLTRANS_RXN_p	-0.0009474607738128186=3.5085003621664823
PRPPSYN_RXN_p	-0.0009474607738128187=3.5085003621664823
GLUTAMINESYN_RXN_p	-4.797440882329657=3.5085003621664823
PHOSGLYPHOS_RXN_p	1.2681241116170983=3.5085003621664823
ATP_source_from_ODE	3.0651=3.5085003621664823
SHIKIMATE_KINASE_RXN_p	-0.0074004374512535=3.5085003621664823
PEPDEPHOS_RXN_p	0.05831793297399293=3.5085003621664823
ADENYL_KIN_RXN_p	-0.0028423823214390816=3.5085003621664823
Extra APTase flux =3.5085003621664823
ACETOLACTREDUCTOISOM_RXN_p	-0.005467105160460735=3.0241
NADPH_source_from_ODE	3.0241=3.0241
ASPARTATE_SEMIALDEHYDE_DEHYDROGENASE_RXN_p	-0.012752311060924261=3.0241
SHIKIMATE_5_DEHYDROGENASE_RXN_p	-0.007400437451253501=3.0241
HOMOSERDEHYDROG_RXN_NADP_p	-0.010242820112145421=3.0241
1_PERIOD_18_PERIOD_1_PERIOD_2_RXN_p	-2.1278904567404684=3.0241
DIHYDROPICRED_RXN_NADP_p	-0.002509490948778841=3.0241
ACETOOHBUTREDUCTOISOM_RXN_p	-0.0019717429208087446=3.0241
GLUTATHIONE_REDUCT_NADPH_RXN_p	-0.0009474607738128188=3.0241
NADPHoxp_tx	-0.8544444444444445=3.0241
MALATE_DEH_RXN_p	1.734092690605459=3.0241
1.734092690605459
GLUTAMATE_SYNTHASE_NADH_RXN_p	-3.015975403572198=4.758192690605458
PYRUVDEH_RXN_p	0.0028039719177194704=4.758192690605458
PGLYCDEHYDROG_RXN_p	0.007203196740378562=4.758192690605458
3_ISOPROPYLMALDEHYDROG_RXN_p	0.002330241530818377=4.758192690605458
GAPOXNPHOSPHN_RXN_p	1.2681241116170983=4.758192690605458
Extra NADPH flux =4.758192690605458

ODE ATPase 3.0651
FBA ATPase 3.5085
ODE NADPHox 3.0241
FBA NADPHox 4.7582
Loop 2

ans =

   1.7916e-04

[Warning: ODE model does not reach a steady state: The 1st time ] 
[> In Sim_Ephotosynthesis (line 22)
  In wrapped_Sim_Ephotosynthesis_bc17ab20_6607_44f1_9954_71219cee (line 97)] 

   Light intensity      Vc      Vo      VPGA    VT3P  Vstarch  Vt_glycerate  Vt_glycolate       A_slope  Max_Meta_slope
0             1000  27.701  9.3491  0.010478  5.0195   1.3227        4.6745        9.3491  8.383500e-12        0.000001
No more input.
Sucrose export rate =-0.8889481098393278
PHOSGLYPHOS_RXN_p	0.9525447144098512=3.5085
GDPKIN_RXN_p	-0.0005079703018197937=3.5085
ADENYL_KIN_RXN_p	-0.0030478218109012724=3.5085
SULFATE_ADENYLYLTRANS_RXN_p	-0.0010159406036230687=3.5085
GLUTAMINESYN_RXN_p	-4.807288143039219=3.5085
ATPPHOSPHORIBOSYLTRANS_RXN_p	-0.0005079703018197936=3.5085
SHIKIMATE_KINASE_RXN_p	-0.007935320489488503=3.5085
ACETYLGLUTKIN_RXN_p	-0.0005079703018197938=3.5085
ARGSUCCINSYN_RXN_p	-0.0005079703018197935=3.5085
HOMOSERKIN_RXN_p	-0.010983142664378956=3.5085
ATP_source_from_ODE	3.5085=3.5085
PEPDEPHOS_RXN_p	0.11724280908544064=3.5085
ASPARTATEKIN_RXN_p	-0.01367401264066108=3.5085
ATP_ADP_Pi_pc	0.2692126498657196=3.5085
0.2692126498657196
PRPPSYN_RXN_p	-0.001015940603639587=3.7777126498657196
CARBAMATE_KINASE_RXN_p	-0.0005079703018197936=3.7777126498657196
Extra APTase flux =3.7777126498657196
DIHYDROPICRED_RXN_NADP_p	-0.0026908699762821266=4.7582
HOMOSERDEHYDROG_RXN_NADP_p	-0.010983142664379017=4.7582
GLUTATHIONE_REDUCT_NADPH_RXN_p	-0.001015940603623069=4.7582
SHIKIMATE_5_DEHYDROGENASE_RXN_p	-0.007935320489488503=4.7582
NADPH_source_from_ODE	4.7582=4.7582
ASPARTATE_SEMIALDEHYDE_DEHYDROGENASE_RXN_p	-0.013674012640661079=4.7582
N_ACETYLGLUTPREDUCT_RXN_p	-0.0005079703018197937=4.7582
ACETOLACTREDUCTOISOM_RXN_p	-0.005862252317347001=4.7582
1_PERIOD_18_PERIOD_1_PERIOD_2_RXN_p	-3.8589717915462813=4.7582
ACETOOHBUTREDUCTOISOM_RXN_p	-0.00211425501567442=4.7582
NADPHoxp_tx	-0.8544444444444445=4.7582
PREPHENATEDEHYDROG_RXN_p	0.0005079703018197934=4.7582
PGLYCDEHYDROG_RXN_p	0.007727437630150728=4.7582
GAPOXNPHOSPHN_RXN_p	0.9525447144098512=4.7582
GLUTAMATE_SYNTHASE_NADH_RXN_p	-1.319779963470741=4.7582
MALATE_DEH_RXN_p	0.3524786004070301=4.7582
0.3524786004070301
RXN_8001_p	0.001015940603639587=5.110678600407031
3_ISOPROPYLMALDEHYDROG_RXN_p	0.0024986649082248554=5.110678600407031
PYRUVDEH_RXN_p	0.0030066352100281317=5.110678600407031
Extra NADPH flux =5.110678600407031

ODE ATPase 3.5085
FBA ATPase 3.7777
ODE NADPHox 4.7582
FBA NADPHox 5.1107
Loop 3

