Loop 0

ans =

   2.7830e-06


   Light intensity       Vc      Vo      VPGA    VT3P  Vstarch  Vt_glycerate  Vt_glycolate       A_slope  Max_Meta_slope
0             1000  27.7194  9.3553  0.010408  5.0051   1.3325        4.6776        9.3553  1.658500e-11        0.000003
No more input.
Sucrose export rate =-0.7450875887799243
PEPDEPHOS_RXN_p	0.015523137484815349=0.0
HOMOSERKIN_RXN_p	-0.009205715378054213=0.0
ADENYL_KIN_RXN_p	-0.0025545857840222454=0.0
SULFATE_ADENYLYLTRANS_RXN_p	-0.0008515285946735892=0.0
ATP_ADP_Pi_pc	3.2128892186258575=0.0
3.2128892186258575
GLUTAMINESYN_RXN_p	-4.788906823476946=3.2128892186258575
SHIKIMATE_KINASE_RXN_p	-0.0066511292889498=3.2128892186258575
PRPPSYN_RXN_p	-0.0008515285946738307=3.2128892186258575
PHOSGLYPHOS_RXN_p	1.5941988921583445=3.2128892186258575
ASPARTATEKIN_RXN_p	-0.011461115665013701=3.2128892186258575
Extra APTase flux =3.2128892186258575
GLU6PDEHYDROG_RXN_p	0.3558797828294485=0.0
SHIKIMATE_5_DEHYDROGENASE_RXN_p	-0.006651129288949801=0.0
ACETOLACTREDUCTOISOM_RXN_p	-0.004913550516172504=0.0
NADPHoxp_tx	-0.6835555555555557=0.0
6PGLUCONDEHYDROG_RXN_p	0.3558797828294484=0.0
ASPARTATE_SEMIALDEHYDE_DEHYDROGENASE_RXN_p	-0.0114611156650137=0.0
1_PERIOD_18_PERIOD_1_PERIOD_2_RXN_p	-0.002554585784020767=0.0
GLUTATHIONE_REDUCT_NADPH_RXN_p	-0.0008515285946735892=0.0
ACETOOHBUTREDUCTOISOM_RXN_p	-0.0017721002545125406=0.0
HOMOSERDEHYDROG_RXN_NAD_p	-0.009205715378054213=0.0
PYRUVDEH_RXN_p	0.0025200645056730466=0.0
MALATE_DEH_RXN_p	3.168895625206556=0.0
3.168895625206556
PGLYCDEHYDROG_RXN_p	0.006468796976209888=3.168895625206556
GLUTAMATE_SYNTHASE_NADH_RXN_p	-4.763568091984783=3.168895625206556
DIHYDROPICRED_RXN_NAD_p	-0.0022554002869594894=3.168895625206556
3_ISOPROPYLMALDEHYDROG_RXN_p	0.0020943002083381045=3.168895625206556
GAPOXNPHOSPHN_RXN_p	1.5941988921583443=3.168895625206556
Extra NADPH flux =3.168895625206556

ODE ATPase 0.0
FBA ATPase 3.2129
ODE NADPHox 0.0
FBA NADPHox 3.1689
Loop 1

ans =

   8.4504e-05

[Warning: ODE model does not reach a steady state: The 1st time ] 
[> In Sim_Ephotosynthesis (line 22)
  In wrapped_Sim_Ephotosynthesis_1d247f42_d84c_4f7c_b0f5_005fe2fd (line 97)] 

   Light intensity       Vc      Vo      VPGA    VT3P  Vstarch  Vt_glycerate  Vt_glycolate       A_slope  Max_Meta_slope
0             1000  27.6927  9.3463  0.010466  5.0167    1.323        4.6732        9.3463  3.541300e-16    3.173400e-11
No more input.
Sucrose export rate =-0.887420976861299
GLUTAMINESYN_RXN_p	-4.805660110836919=3.2129
PEPDEPHOS_RXN_p	0.03527382017478834=3.2129
HOMOSERKIN_RXN_p	-0.010964274612169917=3.2129
ADENYL_KIN_RXN_p	-0.0030425859269066803=3.2129
SULFATE_ADENYLYLTRANS_RXN_p	-0.0010141953089711749=3.2129
GDPKIN_RXN_p	-0.0005070976544839346=3.2129
ATP_source_from_ODE	3.2129=3.2129
ARGSUCCINSYN_RXN_p	-0.0005070976544839345=3.2129
PHOSGLYPHOS_RXN_p	1.0314619861539622=3.2129
CARBAMATE_KINASE_RXN_p	-0.0005070976544839346=3.2129
SHIKIMATE_KINASE_RXN_p	-0.007921688321900097=3.2129
ACETYLGLUTKIN_RXN_p	-0.0005070976544839347=3.2129
ATP_ADP_Pi_pc	0.5661672541746314=3.2129
0.5661672541746314
ATPPHOSPHORIBOSYLTRANS_RXN_p	-0.0005070976544839346=3.779067254174631
PRPPSYN_RXN_p	-0.001014195308967869=3.779067254174631
ASPARTATEKIN_RXN_p	-0.013650521915127726=3.779067254174631
Extra APTase flux =3.779067254174631
1_PERIOD_18_PERIOD_1_PERIOD_2_RXN_p	-2.4406376149186975=3.1689
NADPHoxp_tx	-0.6835555555555557=3.1689
ACETOLACTREDUCTOISOM_RXN_p	-0.005852181494606893=3.1689
N_ACETYLGLUTPREDUCT_RXN_p	-0.0005070976544839347=3.1689
GLUTATHIONE_REDUCT_NADPH_RXN_p	-0.001014195308971175=3.1689
NADPH_source_from_ODE	3.1689=3.1689
HOMOSERDEHYDROG_RXN_NADP_p	-0.010964274612169771=3.1689
SHIKIMATE_5_DEHYDROGENASE_RXN_p	-0.007921688321900097=3.1689
ASPARTATE_SEMIALDEHYDE_DEHYDROGENASE_RXN_p	-0.013650521915127726=3.1689
ACETOOHBUTREDUCTOISOM_RXN_p	-0.0021106229155296963=3.1689
DIHYDROPICRED_RXN_NADP_p	-0.0026862473029578087=3.1689
PGLYCDEHYDROG_RXN_p	0.007814076690668484=3.1689
GAPOXNPHOSPHN_RXN_p	1.0314619861539622=3.1689
MALATE_DEH_RXN_p	1.2915927177620725=3.1689
1.2915927177620725
RXN_8001_p	0.001014195308967869=4.460492717762072
PREPHENATEDEHYDROG_RXN_p	0.0005070976544839344=4.460492717762072
PYRUVDEH_RXN_p	0.0030014700809117708=4.460492717762072
3_ISOPROPYLMALDEHYDROG_RXN_p	0.0024943724264251213=4.460492717762072
GLUTAMATE_SYNTHASE_NADH_RXN_p	-2.337885916077493=4.460492717762072
Extra NADPH flux =4.460492717762072

ODE ATPase 3.2129
FBA ATPase 3.7791
ODE NADPHox 3.1689
FBA NADPHox 4.4605
Loop 2

ans =

   2.5538e-08


   Light intensity       Vc      Vo      VPGA    VT3P  Vstarch  Vt_glycerate  Vt_glycolate       A_slope  Max_Meta_slope
0             1000  27.6923  9.3462  0.010479  5.0195   1.3215        4.6731        9.3462  9.027400e-12    2.553800e-08
No more input.
Sucrose export rate =-0.9355761638537347
PEPDEPHOS_RXN_p	0.07703266410229412=3.7791
SHIKIMATE_KINASE_RXN_p	-0.008351552380090499=3.7791
GDPKIN_RXN_p	-0.0005346149016662897=3.7791
SULFATE_ADENYLYLTRANS_RXN_p	-0.0010692298033362765=3.7791
HOMOSERKIN_RXN_p	-0.011559242173172448=3.7791
ATP_ADP_Pi_pc	0.220775057111347=3.7791
0.220775057111347
ATPPHOSPHORIBOSYLTRANS_RXN_p	-0.0005346149016662896=3.999875057111347
ATP_source_from_ODE	3.7791=3.999875057111347
GLUTAMINESYN_RXN_p	-4.812800665638086=3.999875057111347
ASPARTATEKIN_RXN_p	-0.014391256529727043=3.999875057111347
ARGSUCCINSYN_RXN_p	-0.0005346149016662896=3.999875057111347
CARBAMATE_KINASE_RXN_p	-0.0005346149016662896=3.999875057111347
PRPPSYN_RXN_p	-0.0010692298033325792=3.999875057111347
PHOSGLYPHOS_RXN_p	0.7782142190324367=3.999875057111347
ACETYLGLUTKIN_RXN_p	-0.0005346149016662897=3.999875057111347
ADENYL_KIN_RXN_p	-0.003207689409999376=3.999875057111347
Extra APTase flux =3.999875057111347
HOMOSERDEHYDROG_RXN_NADP_p	-0.011559242173173258=4.4605
DIHYDROPICRED_RXN_NADP_p	-0.002832014356554598=4.4605
ACETOLACTREDUCTOISOM_RXN_p	-0.006169745425970342=4.4605
ACETOOHBUTREDUCTOISOM_RXN_p	-0.0022251541738816582=4.4605
1_PERIOD_18_PERIOD_1_PERIOD_2_RXN_p	-3.729811634700042=4.4605
N_ACETYLGLUTPREDUCT_RXN_p	-0.0005346149016662897=4.4605
GLUTATHIONE_REDUCT_NADPH_RXN_p	-0.0010692298033362765=4.4605
SHIKIMATE_5_DEHYDROGENASE_RXN_p	-0.008351552380090499=4.4605
NADPH_source_from_ODE	4.4605=4.4605
ASPARTATE_SEMIALDEHYDE_DEHYDROGENASE_RXN_p	-0.014391256529727043=4.4605
NADPHoxp_tx	-0.6835555555555557=4.4605
MALATE_DEH_RXN_p	0.26058238456717103=4.4605
0.26058238456717103
GLUTAMATE_SYNTHASE_NADH_RXN_p	-1.0543799063743073=4.721082384567171
PREPHENATEDEHYDROG_RXN_p	0.0005346149016662895=4.721082384567171
3_ISOPROPYLMALDEHYDROG_RXN_p	0.0026297275439569564=4.721082384567171
PGLYCDEHYDROG_RXN_p	0.008185388080108397=4.721082384567171
RXN_8001_p	0.0010692298033325792=4.721082384567171
PYRUVDEH_RXN_p	0.0031643424456269434=4.721082384567171
GAPOXNPHOSPHN_RXN_p	0.7782142190324366=4.721082384567171
Extra NADPH flux =4.721082384567171

ODE ATPase 3.7791
FBA ATPase 3.9999
ODE NADPHox 4.4605
FBA NADPHox 4.7211
Loop 3

