Loop 0
0.5

ans =

   2.1366e-05


   Light intensity       Vc      Vo      VPGA    VT3P  Vstarch  Vt_glycerate  Vt_glycolate       A_slope  Max_Meta_slope
0              500  23.0604  7.7829  0.013793  5.4782  0.44882        3.8914        7.7829  7.016500e-09        0.000021
No more input.
Sucrose export rate =-0.9380630324999479
ACETYLGLUTKIN_RXN_p	-0.0005360359693335932=0.0
GDPKIN_RXN_p	-0.0005360359693335931=0.0
PRPPSYN_RXN_p	-0.001072071938667186=0.0
PHOSGLYPHOS_RXN_p	1.2086875850346857=0.0
ASPARTATEKIN_RXN_p	-0.014429510138688244=0.0
SULFATE_ADENYLYLTRANS_RXN_p	-0.0010720719386732023=0.0
GLUTAMINESYN_RXN_p	-4.031522006014828=0.0
ATPPHOSPHORIBOSYLTRANS_RXN_p	-0.0005360359693335929=0.0
CARBAMATE_KINASE_RXN_p	-0.000536035969333593=0.0
ADENYL_KIN_RXN_p	-0.0032162158160075746=0.0
HOMOSERKIN_RXN_p	-0.01158996796338305=0.0
SHIKIMATE_KINASE_RXN_p	-0.00837375176327669=0.0
PEPDEPHOS_RXN_p	0.019543583388252954=0.0
ARGSUCCINSYN_RXN_p	-0.0005360359693335929=0.0
ATP_ADP_Pi_pc	2.8457246069972526=0.0
2.8457246069972526
Extra APTase flux =2.8457246069972526
PREPHENATE_DEHYDROGENASE_NADP_RXN_p	0.0005360359693335929=0.0
ASPARTATE_SEMIALDEHYDE_DEHYDROGENASE_RXN_p	-0.014429510138688244=0.0
SHIKIMATE_5_DEHYDROGENASE_RXN_p	-0.00837375176327669=0.0
1_PERIOD_18_PERIOD_1_PERIOD_2_RXN_p	-0.4238885887293534=0.0
N_ACETYLGLUTPREDUCT_RXN_p	-0.0005360359693335931=0.0
GLUTATHIONE_REDUCT_NADPH_RXN_p	-0.0010720719386732025=0.0
NADPHoxp_tx	-0.2911111111111111=0.0
GLU6PDEHYDROG_RXN_p	0.37364612394300895=0.0
ACETOOHBUTREDUCTOISOM_RXN_p	-0.002231068888644402=0.0
6PGLUCONDEHYDROG_RXN_p	0.37364612394300883=0.0
ACETOLACTREDUCTOISOM_RXN_p	-0.006186145316270842=0.0
GAPOXNPHOSPHN_RXN_p	1.2086875850346857=0.0
MALATE_DEH_RXN_p	2.7903238553979905=0.0
2.7903238553979905
DIHYDROPICRED_RXN_NAD_p	-0.0028395421753051953=2.7903238553979905
RXN_8001_p	0.0010720719386671858=2.7903238553979905
HOMOSERDEHYDROG_RXN_NAD_p	-0.01158996796338305=2.7903238553979905
3_ISOPROPYLMALDEHYDROG_RXN_p	0.0026367176610952686=2.7903238553979905
GLUTAMATE_SYNTHASE_NADH_RXN_p	-3.9996206193038195=2.7903238553979905
PGLYCDEHYDROG_RXN_p	0.008157145779634138=2.7903238553979905
PYRUVDEH_RXN_p	0.0031727536304348787=2.7903238553979905
Extra NADPH flux =2.7903238553979905

ODE ATPase 0.0
FBA ATPase 2.8457
ODE NADPHox 0.0
FBA NADPHox 2.7903
Loop 1
0.5

ans =

   9.4232e-08


   Light intensity       Vc      Vo      VPGA   VT3P  Vstarch  Vt_glycerate  Vt_glycolate       A_slope  Max_Meta_slope
0              500  22.6024  7.6283  0.013558  5.416  0.41657        3.8142        7.6283  3.818100e-09    9.423200e-08
No more input.
Sucrose export rate =-1.0503338489740675
PEPDEPHOS_RXN_p	0.021882630862086454=2.8457
CARBAMATE_KINASE_RXN_p	-0.0006001907157115577=2.8457
GDPKIN_RXN_p	-0.0006001907157115577=2.8457
SULFATE_ADENYLYLTRANS_RXN_p	-0.0012003814314230758=2.8457
SHIKIMATE_KINASE_RXN_p	-0.009375953017183074=2.8457
PHOSGLYPHOS_RXN_p	0.7749518684983564=2.8457
HOMOSERKIN_RXN_p	-0.012977097741521513=2.8457
ATP_source_from_ODE	2.8457=2.8457
ADENYL_KIN_RXN_p	-0.0036011442942672886=2.8457
ACETYLGLUTKIN_RXN_p	-0.0006001907157115578=2.8457
ASPARTATEKIN_RXN_p	-0.01615648661158426=2.8457
GLUTAMINESYN_RXN_p	-3.970986336377466=2.8457
ATP_ADP_Pi_pc	0.3759642351229966=2.8457
0.3759642351229966
ARGSUCCINSYN_RXN_p	-0.0006001907157115576=3.2216642351229963
ATPPHOSPHORIBOSYLTRANS_RXN_p	-0.0006001907157115576=3.2216642351229963
PRPPSYN_RXN_p	-0.0012003814314231155=3.2216642351229963
Extra APTase flux =3.2216642351229963
GLUTATHIONE_REDUCT_NADPH_RXN_p	-0.001200381431423076=2.7903
SHIKIMATE_5_DEHYDROGENASE_RXN_p	-0.009375953017183076=2.7903
ACETOLACTREDUCTOISOM_RXN_p	-0.006926525825280978=2.7903
HOMOSERDEHYDROG_RXN_NADP_p	-0.012977097741521513=2.7903
ACETOOHBUTREDUCTOISOM_RXN_p	-0.0024980913776029225=2.7903
1_PERIOD_18_PERIOD_1_PERIOD_2_RXN_p	-2.4462747732985153=2.7903
N_ACETYLGLUTPREDUCT_RXN_p	-0.0006001907157115578=2.7903
ASPARTATE_SEMIALDEHYDE_DEHYDROGENASE_RXN_p	-0.01615648661158426=2.7903
NADPH_source_from_ODE	2.7903=2.7903
DIHYDROPICRED_RXN_NADP_p	-0.0031793888700627462=2.7903
NADPHoxp_tx	-0.2911111111111111=2.7903
MALATE_DEH_RXN_p	1.171116610235104=2.7903
1.171116610235104
PREPHENATEDEHYDROG_RXN_p	0.0006001907157115575=3.961416610235104
RXN_8001_p	0.0012003814314231153=3.961416610235104
PGLYCDEHYDROG_RXN_p	0.009239406915936327=3.961416610235104
3_ISOPROPYLMALDEHYDROG_RXN_p	0.002952289679570384=3.961416610235104
GLUTAMATE_SYNTHASE_NADH_RXN_p	-1.9636132278713827=3.961416610235104
PYRUVDEH_RXN_p	0.0035524803952819025=3.961416610235104
GAPOXNPHOSPHN_RXN_p	0.7749518684983565=3.961416610235104
Extra NADPH flux =3.961416610235104

ODE ATPase 2.8457
FBA ATPase 3.2217
ODE NADPHox 2.7903
FBA NADPHox 3.9614
Loop 2
0.5

ans =

   2.8661e-08


   Light intensity       Vc      Vo      VPGA    VT3P  Vstarch  Vt_glycerate  Vt_glycolate       A_slope  Max_Meta_slope
0              500  22.6741  7.6525  0.013598  5.4264  0.42133        3.8262        7.6525  2.369800e-09    2.866100e-08
No more input.
Sucrose export rate =-1.0932416708820705
ATPPHOSPHORIBOSYLTRANS_RXN_p	-0.0006247094688353792=3.2217
PEPDEPHOS_RXN_p	0.10669614910410245=3.2217
CARBAMATE_KINASE_RXN_p	-0.0006247094688353792=3.2217
PHOSGLYPHOS_RXN_p	0.5760453418388952=3.2217
GLUTAMINESYN_RXN_p	-3.9894933520924414=3.2217
GDPKIN_RXN_p	-0.0006247094688353794=3.2217
HOMOSERKIN_RXN_p	-0.01350723299263227=3.2217
SULFATE_ADENYLYLTRANS_RXN_p	-0.0012494189376707583=3.2217
SHIKIMATE_KINASE_RXN_p	-0.00975897573198185=3.2217
ACETYLGLUTKIN_RXN_p	-0.0006247094688353794=3.2217
ATP_source_from_ODE	3.2217=3.2217
ARGSUCCINSYN_RXN_p	-0.0006247094688353792=3.2217
ADENYL_KIN_RXN_p	-0.0037482568130113095=3.2217
PRPPSYN_RXN_p	-0.0012494189376707583=3.2217
ASPARTATEKIN_RXN_p	-0.01681650510427713=3.2217
ATP_ADP_Pi_pc	0.13450521701086718=3.2217
0.13450521701086718
Extra APTase flux =3.356205217010867
NADPHoxp_tx	-0.2911111111111111=3.9614
DIHYDROPICRED_RXN_NADP_p	-0.0033092721116448624=3.9614
1_PERIOD_18_PERIOD_1_PERIOD_2_RXN_p	-3.6152131466141477=3.9614
N_ACETYLGLUTPREDUCT_RXN_p	-0.0006247094688353794=3.9614
GLUTATHIONE_REDUCT_NADPH_RXN_p	-0.0012494189376707585=3.9614
HOMOSERDEHYDROG_RXN_NADP_p	-0.013507232992632274=3.9614
ASPARTATE_SEMIALDEHYDE_DEHYDROGENASE_RXN_p	-0.01681650510427713=3.9614
ACETOOHBUTREDUCTOISOM_RXN_p	-0.002600142415989243=3.9614
SHIKIMATE_5_DEHYDROGENASE_RXN_p	-0.00975897573198185=3.9614
NADPH_source_from_ODE	3.9614=3.9614
ACETOLACTREDUCTOISOM_RXN_p	-0.007209485511710115=3.9614
PYRUVDEH_RXN_p	0.0036976049157201986=3.9614
3_ISOPROPYLMALDEHYDROG_RXN_p	0.0030728954468848195=3.9614
PGLYCDEHYDROG_RXN_p	0.009514809031568577=3.9614
GAPOXNPHOSPHN_RXN_p	0.5760453418388952=3.9614
GLUTAMATE_SYNTHASE_NADH_RXN_p	-0.8311117070425528=3.9614
RXN_8001_p	0.0012494189376707583=3.9614
MALATE_DEH_RXN_p	0.23690692740297775=3.9614
0.23690692740297775
PREPHENATEDEHYDROG_RXN_p	0.0006247094688353789=4.198306927402977
Extra NADPH flux =4.198306927402977

ODE ATPase 3.2217
FBA ATPase 3.3562
ODE NADPHox 3.9614
FBA NADPHox 4.1983
Loop 3
0.5

