Loop 0

ans =

   1.1745e-04

[Warning: ODE model does not reach a steady state: The 1st time ] 
[> In Sim_Ephotosynthesis (line 22)
  In wrapped_Sim_Ephotosynthesis_ce1fccf1_03a7_414f_88c1_6c99b5bf (line 97)] 

   Light intensity      Vc      Vo      VPGA    VT3P  Vstarch  Vt_glycerate  Vt_glycolate       A_slope  Max_Meta_slope
0             1000  37.386  6.3089  0.017846  6.5937   2.3995        3.1544        6.3089  1.657000e-11        0.000001
No more input.
Sucrose export rate =-1.2608355830246976
CARBAMATE_KINASE_RXN_p	-0.0007204774098343623=0.0
ASPARTATEKIN_RXN_p	-0.019394474782599768=0.0
GLY3KIN_RXN_p	-0.012578032604592108=0.0
ATP_ADP_Pi_pc	2.466259919271916=0.0
2.466259919271916
GDPKIN_RXN_p	-0.0007204774098343623=2.466259919271916
GLUTAMINESYN_RXN_p	-3.3662776791378475=2.466259919271916
PHOSGLYPHOS_RXN_p	0.9433621269624459=2.466259919271916
ACETYLGLUTKIN_RXN_p	-0.0007204774098343624=2.466259919271916
HOMOSERKIN_RXN_p	-0.015577891365571311=2.466259919271916
SULFATE_ADENYLYLTRANS_RXN_p	-0.0014409548196692916=2.466259919271916
ADENYL_KIN_RXN_p	-0.004322864459008058=2.466259919271916
ATPPHOSPHORIBOSYLTRANS_RXN_p	-0.0007204774098343623=2.466259919271916
PEPDEPHOS_RXN_p	0.02626821919406961=2.466259919271916
SHIKIMATE_KINASE_RXN_p	-0.011255026390303517=2.466259919271916
ARGSUCCINSYN_RXN_p	-0.0007204774098343623=2.466259919271916
PRPPSYN_RXN_p	-0.0014409548196687243=2.466259919271916
Extra APTase flux =2.466259919271916
ASPARTATE_SEMIALDEHYDE_DEHYDROGENASE_RXN_p	-0.019394474782599768=0.0
SHIKIMATE_5_DEHYDROGENASE_RXN_p	-0.011255026390303518=0.0
NADPHoxp_tx	-0.4272222222222222=0.0
RXN_5682_p	0.000720477409834362=0.0
GLU6PDEHYDROG_RXN_p	0.2374744931198796=0.0
N_ACETYLGLUTPREDUCT_RXN_p	-0.0007204774098343624=0.0
GLUTATHIONE_REDUCT_NADPH_RXN_p	-0.0014409548196692916=0.0
ACETOLACTREDUCTOISOM_RXN_p	-0.00831469940322617=0.0
ACETOOHBUTREDUCTOISOM_RXN_p	-0.0029987441627302215=0.0
6PGLUCONDEHYDROG_RXN_p	0.2374744931198795=0.0
1_PERIOD_18_PERIOD_1_PERIOD_2_RXN_p	-0.004322864459007874=0.0
MALATE_DEH_RXN_p	2.390182508454792=0.0
2.390182508454792
GAPOXNPHOSPHN_RXN_p	0.9433621269624458=2.390182508454792
3_ISOPROPYLMALDEHYDROG_RXN_p	0.003543970217692971=2.390182508454792
GLUTAMATE_SYNTHASE_NADH_RXN_p	-3.323399533299527=2.390182508454792
HOMOSERDEHYDROG_RXN_NAD_p	-0.015577891365571311=2.390182508454792
PYRUVDEH_RXN_p	0.004264447627527917=2.390182508454792
DIHYDROPICRED_RXN_NAD_p	-0.003816583417028461=2.390182508454792
RXN_8001_p	0.0014409548196687243=2.390182508454792
Extra NADPH flux =2.390182508454792

ODE ATPase 0.0
FBA ATPase 2.4663
ODE NADPHox 0.0
FBA NADPHox 2.3902
Loop 1

ans =

   8.2452e-07


   Light intensity       Vc      Vo      VPGA   VT3P  Vstarch  Vt_glycerate  Vt_glycolate       A_slope  Max_Meta_slope
0             1000  37.3128  6.2965  0.018363  6.673   2.3484        3.1483        6.2965  6.341700e-11    8.245200e-07
No more input.
Sucrose export rate =-1.383956280166662
SULFATE_ADENYLYLTRANS_RXN_p	-0.0015816641749061369=2.4663
PRPPSYN_RXN_p	-0.0015816641749060538=2.4663
GLUTAMINESYN_RXN_p	-3.367061273212844=2.4663
ATPPHOSPHORIBOSYLTRANS_RXN_p	-0.0007908320874530269=2.4663
ADENYL_KIN_RXN_p	-0.004744992524718512=2.4663
ACETYLGLUTKIN_RXN_p	-0.0007908320874530271=2.4663
HOMOSERKIN_RXN_p	-0.01709907372332896=2.4663
ATP_ADP_Pi_pc	0.3767378027155967=2.4663
0.3767378027155967
SHIKIMATE_KINASE_RXN_p	-0.012354080631936729=2.8430378027155965
GDPKIN_RXN_p	-0.0007908320874530269=2.8430378027155965
ARGSUCCINSYN_RXN_p	-0.0007908320874530268=2.8430378027155965
ATP_source_from_ODE	2.4663=2.8430378027155965
ASPARTATEKIN_RXN_p	-0.0349897428277973=2.8430378027155965
PEPDEPHOS_RXN_p	0.04253470893963029=2.8430378027155965
PHOSGLYPHOS_RXN_p	0.557794140052476=2.8430378027155965
CARBAMATE_KINASE_RXN_p	-0.0007908320874530269=2.8430378027155965
Extra APTase flux =2.8430378027155965
GLUTATHIONE_REDUCT_NADPH_RXN_p	-0.0015816641749061369=2.3902
ASPARTATE_SEMIALDEHYDE_DEHYDROGENASE_RXN_p	-0.0349897428277973=2.3902
ACETOOHBUTREDUCTOISOM_RXN_p	-0.003291571773908538=2.3902
HOMOSERDEHYDROG_RXN_NADP_p	-0.01709907372332896=2.3902
DIHYDROPICRED_RXN_NADP_p	-0.017890669104468383=2.3902
N_ACETYLGLUTPREDUCT_RXN_p	-0.000790832087453027=2.3902
NADPHoxp_tx	-0.4272222222222222=2.3902
NADPH_source_from_ODE	2.3902=2.3902
1_PERIOD_18_PERIOD_1_PERIOD_2_RXN_p	-1.8658535129783476=2.3902
ACETOLACTREDUCTOISOM_RXN_p	-0.00912663047563074=2.3902
SHIKIMATE_5_DEHYDROGENASE_RXN_p	-0.012354080631936729=2.3902
PYRUVDEH_RXN_p	0.004680871284898371=2.3902
GAPOXNPHOSPHN_RXN_p	0.557794140052476=2.3902
PREPHENATEDEHYDROG_RXN_p	0.0007908320874530266=2.3902
GLUTAMATE_SYNTHASE_NADH_RXN_p	-1.4588875524953655=2.3902
RXN_8001_p	0.0015816641749060534=2.3902
MALATE_DEH_RXN_p	0.8901500056980695=2.3902
0.8901500056980695
3_ISOPROPYLMALDEHYDROG_RXN_p	0.0038900391974452443=3.2803500056980694
Extra NADPH flux =3.2803500056980694

ODE ATPase 2.4663
FBA ATPase 2.843
ODE NADPHox 2.3902
FBA NADPHox 3.2804
Loop 2

ans =

   2.1777e-05


   Light intensity       Vc      Vo      VPGA    VT3P  Vstarch  Vt_glycerate  Vt_glycolate       A_slope  Max_Meta_slope
0             1000  37.3046  6.2951  0.018421  6.6818   2.3427        3.1476        6.2951  4.431900e-11        0.000022
No more input.
Sucrose export rate =-1.4165938101248123
ARGSUCCINSYN_RXN_p	-0.0008094821028588649=2.843
HOMOSERKIN_RXN_p	-0.017502317336510784=2.843
GLY3KIN_RXN_p	-0.08429200694099898=2.843
GDPKIN_RXN_p	-0.0008094821028588651=2.843
ATP_source_from_ODE	2.843=2.843
PRPPSYN_RXN_p	-0.0016189642057177298=2.843
ATP_ADP_Pi_pc	0.3017866277414813=2.843
0.3017866277414813
ASPARTATEKIN_RXN_p	-0.02179038512069192=3.1447866277414813
SULFATE_ADENYLYLTRANS_RXN_p	-0.001618964205739217=3.1447866277414813
GLUTAMINESYN_RXN_p	-3.455812278101019=3.1447866277414813
ADENYL_KIN_RXN_p	-0.004856892617175077=3.1447866277414813
PEPDEPHOS_RXN_p	0.03701740099848963=3.1447866277414813
SHIKIMATE_KINASE_RXN_p	-0.012645424139320991=3.1447866277414813
ACETYLGLUTKIN_RXN_p	-0.0008094821028588651=3.1447866277414813
ATPPHOSPHORIBOSYLTRANS_RXN_p	-0.000809482102858865=3.1447866277414813
CARBAMATE_KINASE_RXN_p	-0.0008094821028588649=3.1447866277414813
PHOSGLYPHOS_RXN_p	0.42238061444149694=3.1447866277414813
Extra APTase flux =3.1447866277414813
NADPH_source_from_ODE	3.2804=3.2804
ACETOLACTREDUCTOISOM_RXN_p	-0.009341861751238299=3.2804
GLUTATHIONE_REDUCT_NADPH_RXN_p	-0.0016189642057392172=3.2804
1_PERIOD_18_PERIOD_1_PERIOD_2_RXN_p	-2.7818120791658525=3.2804
ACETOOHBUTREDUCTOISOM_RXN_p	-0.0033691961713840164=3.2804
ASPARTATE_SEMIALDEHYDE_DEHYDROGENASE_RXN_p	-0.02179038512069192=3.2804
DIHYDROPICRED_RXN_NADP_p	-0.004288067784181143=3.2804
NADPHoxp_tx	-0.4272222222222222=3.2804
N_ACETYLGLUTPREDUCT_RXN_p	-0.0008094821028588651=3.2804
SHIKIMATE_5_DEHYDROGENASE_RXN_p	-0.012645424139320991=3.2804
HOMOSERDEHYDROG_RXN_NADP_p	-0.017502317336511544=3.2804
3_ISOPROPYLMALDEHYDROG_RXN_p	0.003981777117684826=3.2804
RXN_8001_p	0.0016189642057177298=3.2804
GLUTAMATE_SYNTHASE_NADH_RXN_p	-0.6306819632470128=3.2804
MALATE_DEH_RXN_p	0.19709986615871178=3.2804
0.19709986615871178
PYRUVDEH_RXN_p	0.004791259220542554=3.4774998661587118
PREPHENATEDEHYDROG_RXN_p	0.0008094821028588648=3.4774998661587118
GAPOXNPHOSPHN_RXN_p	0.422380614441497=3.4774998661587118
Extra NADPH flux =3.4774998661587118

ODE ATPase 2.843
FBA ATPase 3.1448
ODE NADPHox 3.2804
FBA NADPHox 3.4775
Loop 3

