Loop 0

ans =

   2.7830e-06


   Light intensity       Vc      Vo      VPGA    VT3P  Vstarch  Vt_glycerate  Vt_glycolate       A_slope  Max_Meta_slope
0             1000  27.7194  9.3553  0.010408  5.0051   1.3325        4.6776        9.3553  1.658500e-11        0.000003
No more input.
Sucrose export rate =-0.8249727604535904
HOMOSERKIN_RXN_p	-0.01019271363762426=0.0
PEPDEPHOS_RXN_p	0.01718746329475733=0.0
ADENYL_KIN_RXN_p	-0.002828477776027579=0.0
PHOSGLYPHOS_RXN_p	1.2834332394278627=0.0
PRPPSYN_RXN_p	-0.0009428259253432948=0.0
ATP_ADP_Pi_pc	3.561194741953459=0.0
3.561194741953459
SULFATE_ADENYLYLTRANS_RXN_p	-0.0009428259253406952=3.561194741953459
SHIKIMATE_KINASE_RXN_p	-0.007364235523804075=3.561194741953459
GLUTAMINESYN_RXN_p	-4.816250200968604=3.561194741953459
ASPARTATEKIN_RXN_p	-0.012689928502646367=3.561194741953459
GLY3KIN_RXN_p	-0.008247171603329575=3.561194741953459
Extra APTase flux =3.561194741953459
ACETOOHBUTREDUCTOISOM_RXN_p	-0.001962097424223141=0.0
1_PERIOD_18_PERIOD_1_PERIOD_2_RXN_p	-0.002828477776022086=0.0
ACETOLACTREDUCTOISOM_RXN_p	-0.005440360830050392=0.0
ASPARTATE_SEMIALDEHYDE_DEHYDROGENASE_RXN_p	-0.012689928502646367=0.0
6PGLUCONDEHYDROG_RXN_p	0.22922507410215445=0.0
GLUTATHIONE_REDUCT_NADPH_RXN_p	-0.0009428259253406955=0.0
NADPHoxp_tx	-0.4272222222222222=0.0
SHIKIMATE_5_DEHYDROGENASE_RXN_p	-0.007364235523804074=0.0
GLU6PDEHYDROG_RXN_p	0.22922507410215448=0.0
HOMOSERDEHYDROG_RXN_NAD_p	-0.01019271363762426=0.0
PYRUVDEH_RXN_p	0.0027902552707530937=0.0
DIHYDROPICRED_RXN_NAD_p	-0.0024972148650221075=0.0
3_ISOPROPYLMALDEHYDROG_RXN_p	0.002318842308084045=0.0
GAPOXNPHOSPHN_RXN_p	1.2834332394278625=0.0
MALATE_DEH_RXN_p	3.511399522346784=0.0
3.511399522346784
GLUTAMATE_SYNTHASE_NADH_RXN_p	-4.78819475677618=3.511399522346784
Extra NADPH flux =3.511399522346784

ODE ATPase 0.0
FBA ATPase 3.5612
ODE NADPHox 0.0
FBA NADPHox 3.5114
Loop 1

ans =

   1.6177e-06


   Light intensity       Vc      Vo      VPGA    VT3P  Vstarch  Vt_glycerate  Vt_glycolate       A_slope  Max_Meta_slope
0             1000  27.6915  9.3459  0.010474  5.0184    1.322        4.6729        9.3459  6.802100e-11        0.000002
No more input.
Sucrose export rate =-0.9832680481308446
PHOSGLYPHOS_RXN_p	0.673691560868667=3.5612
PRPPSYN_RXN_p	-0.0011237348089284107=3.5612
GLUTAMINESYN_RXN_p	-4.828324685881629=3.5612
ATP_ADP_Pi_pc	0.6174263831913427=3.5612
0.6174263831913427
ASPARTATEKIN_RXN_p	-0.02494490457960461=4.178626383191343
SULFATE_ADENYLYLTRANS_RXN_p	-0.0011237348089270856=4.178626383191343
ATPPHOSPHORIBOSYLTRANS_RXN_p	-0.0005618674044642053=4.178626383191343
ADENYL_KIN_RXN_p	-0.0033712044267836124=4.178626383191343
ATP_source_from_ODE	3.5612=4.178626383191343
HOMOSERKIN_RXN_p	-0.012148485530739796=4.178626383191343
SHIKIMATE_KINASE_RXN_p	-0.008777280701347484=4.178626383191343
PEPDEPHOS_RXN_p	0.030305423700271603=4.178626383191343
CARBAMATE_KINASE_RXN_p	-0.0005618674044642054=4.178626383191343
ACETYLGLUTKIN_RXN_p	-0.0005618674044642056=4.178626383191343
GDPKIN_RXN_p	-0.0005618674044642054=4.178626383191343
ARGSUCCINSYN_RXN_p	-0.0005618674044642054=4.178626383191343
Extra APTase flux =4.178626383191343
ACETOLACTREDUCTOISOM_RXN_p	-0.006484254063794732=3.5114
GLUTATHIONE_REDUCT_NADPH_RXN_p	-0.0011237348089270856=3.5114
ACETOOHBUTREDUCTOISOM_RXN_p	-0.0023385835230458844=3.5114
ASPARTATE_SEMIALDEHYDE_DEHYDROGENASE_RXN_p	-0.024944904579604608=3.5114
DIHYDROPICRED_RXN_NADP_p	-0.012796419048864765=3.5114
NADPHoxp_tx	-0.4272222222222222=3.5114
SHIKIMATE_5_DEHYDROGENASE_RXN_p	-0.008777280701347484=3.5114
NADPH_source_from_ODE	3.5114=3.5114
N_ACETYLGLUTPREDUCT_RXN_p	-0.0005618674044642055=3.5114
HOMOSERDEHYDROG_RXN_NADP_p	-0.0121484855307398=3.5114
1_PERIOD_18_PERIOD_1_PERIOD_2_RXN_p	-3.015002248116989=3.5114
GAPOXNPHOSPHN_RXN_p	0.6736915608686672=3.5114
PREPHENATEDEHYDROG_RXN_p	0.0005618674044642055=3.5114
RXN_8001_p	0.0011237348089284103=3.5114
MALATE_DEH_RXN_p	1.1017883445845307=3.5114
1.1017883445845307
3_ISOPROPYLMALDEHYDROG_RXN_p	0.0027637804052334978=4.613188344584531
GLUTAMATE_SYNTHASE_NADH_RXN_p	-1.7832549358814571=4.613188344584531
PYRUVDEH_RXN_p	0.0033256478096963787=4.613188344584531
Extra NADPH flux =4.613188344584531

ODE ATPase 3.5612
FBA ATPase 4.1786
ODE NADPHox 3.5114
FBA NADPHox 4.6132
Loop 2

ans =

   3.8768e-06


   Light intensity       Vc      Vo      VPGA    VT3P  Vstarch  Vt_glycerate  Vt_glycolate       A_slope  Max_Meta_slope
0             1000  27.6879  9.3447  0.010487  5.0211   1.3202        4.6723        9.3447  5.036100e-10        0.000004
No more input.
Sucrose export rate =-1.0266815784779837
ADENYL_KIN_RXN_p	-0.003520050802874708=4.1786
PRPPSYN_RXN_p	-0.0011733502676248356=4.1786
SULFATE_ADENYLYLTRANS_RXN_p	-0.0011733502676242963=4.1786
CARBAMATE_KINASE_RXN_p	-0.0005866751338124178=4.1786
ASPARTATEKIN_RXN_p	-0.026044071483059=4.1786
ATP_ADP_Pi_pc	0.1964768972084155=4.1786
0.1964768972084155
ARGSUCCINSYN_RXN_p	-0.0005866751338124177=4.375076897208416
GLUTAMINESYN_RXN_p	-4.834587040790618=4.375076897208416
GDPKIN_RXN_p	-0.0005866751338124179=4.375076897208416
ATPPHOSPHORIBOSYLTRANS_RXN_p	-0.0005866751338124178=4.375076897208416
PHOSGLYPHOS_RXN_p	0.4845627589155701=4.375076897208416
HOMOSERKIN_RXN_p	-0.012684868917003558=4.375076897208416
ATP_source_from_ODE	4.1786=4.375076897208416
ACETYLGLUTKIN_RXN_p	-0.0005866751338124179=4.375076897208416
SHIKIMATE_KINASE_RXN_p	-0.009164817693745105=4.375076897208416
PEPDEPHOS_RXN_p	0.03164126976762413=4.375076897208416
Extra APTase flux =4.375076897208416
NADPH_source_from_ODE	4.6132=4.6132
ACETOOHBUTREDUCTOISOM_RXN_p	-0.0024418373274790383=4.6132
ACETOLACTREDUCTOISOM_RXN_p	-0.0067705486923166705=4.6132
ASPARTATE_SEMIALDEHYDE_DEHYDROGENASE_RXN_p	-0.026044071483059=4.6132
SHIKIMATE_5_DEHYDROGENASE_RXN_p	-0.009164817693745105=4.6132
1_PERIOD_18_PERIOD_1_PERIOD_2_RXN_p	-4.113752405696681=4.6132
HOMOSERDEHYDROG_RXN_NADP_p	-0.012684868917003558=4.6132
GLUTATHIONE_REDUCT_NADPH_RXN_p	-0.0011733502676242965=4.6132
N_ACETYLGLUTPREDUCT_RXN_p	-0.0005866751338124179=4.6132
DIHYDROPICRED_RXN_NADP_p	-0.013359202566055446=4.6132
NADPHoxp_tx	-0.4272222222222222=4.6132
PYRUVDEH_RXN_p	0.003472482757079687=4.6132
3_ISOPROPYLMALDEHYDROG_RXN_p	0.002885807623267808=4.6132
PREPHENATEDEHYDROG_RXN_p	0.0005866751338124176=4.6132
GAPOXNPHOSPHN_RXN_p	0.4845627589155701=4.6132
GLUTAMATE_SYNTHASE_NADH_RXN_p	-0.689439584321165=4.6132
RXN_8001_p	0.0011733502676248356=4.6132
MALATE_DEH_RXN_p	0.19675850962359662=4.6132
0.19675850962359662
Extra NADPH flux =4.809958509623597

ODE ATPase 4.1786
FBA ATPase 4.3751
ODE NADPHox 4.6132
FBA NADPHox 4.81
Loop 3

