Loop 0

ans =

   2.7830e-06


   Light intensity       Vc      Vo      VPGA    VT3P  Vstarch  Vt_glycerate  Vt_glycolate       A_slope  Max_Meta_slope
0             1000  27.7194  9.3553  0.010408  5.0051   1.3325        4.6776        9.3553  1.658500e-11        0.000003
No more input.
Sucrose export rate =-0.77981192720899
ATP_ADP_Pi_pc	3.3881369996163695=0.0
3.3881369996163695
HOMOSERKIN_RXN_p	-0.009634741953027597=3.3881369996163695
PRPPSYN_RXN_p	-0.000891213549233199=3.3881369996163695
GLUTAMINESYN_RXN_p	-4.794091877756506=3.3881369996163695
SHIKIMATE_KINASE_RXN_p	-0.006961100986026583=3.3881369996163695
PHOSGLYPHOS_RXN_p	1.4249834929066496=3.3881369996163695
SULFATE_ADENYLYLTRANS_RXN_p	-0.0008912135492332451=3.3881369996163695
PEPDEPHOS_RXN_p	0.016246583543681144=3.3881369996163695
ASPARTATEKIN_RXN_p	-0.011995253751899937=3.3881369996163695
ADENYL_KIN_RXN_p	-0.002673640647699644=3.3881369996163695
Extra APTase flux =3.3881369996163695
6PGLUCONDEHYDROG_RXN_p	0.4032228318058961=0.0
1_PERIOD_18_PERIOD_1_PERIOD_2_RXN_p	-0.35237864178270556=0.0
GLU6PDEHYDROG_RXN_p	0.4032228318058962=0.0
ACETOLACTREDUCTOISOM_RXN_p	-0.0051425434474482385=0.0
GLUTATHIONE_REDUCT_NADPH_RXN_p	-0.0008912135492332452=0.0
SHIKIMATE_5_DEHYDROGENASE_RXN_p	-0.006961100986026584=0.0
NADPHoxp_tx	-0.4272222222222222=0.0
ASPARTATE_SEMIALDEHYDE_DEHYDROGENASE_RXN_p	-0.011995253751899937=0.0
ACETOOHBUTREDUCTOISOM_RXN_p	-0.0018546878722565023=0.0
PYRUVDEH_RXN_p	0.0026375105268890663=0.0
DIHYDROPICRED_RXN_NAD_p	-0.002360511798872343=0.0
3_ISOPROPYLMALDEHYDROG_RXN_p	0.002191903752272421=0.0
GLUTAMATE_SYNTHASE_NADH_RXN_p	-4.767572250620733=0.0
HOMOSERDEHYDROG_RXN_NAD_p	-0.009634741953027595=0.0
GAPOXNPHOSPHN_RXN_p	1.4249834929066496=0.0
PGLYCDEHYDROG_RXN_p	0.006772601409230897=0.0
MALATE_DEH_RXN_p	3.3420907822283583=0.0
3.3420907822283583
Extra NADPH flux =3.3420907822283583

ODE ATPase 0.0
FBA ATPase 3.3881
ODE NADPHox 0.0
FBA NADPHox 3.3421
Loop 1

ans =

   8.0110e-06


   Light intensity      Vc     Vo      VPGA    VT3P  Vstarch  Vt_glycerate  Vt_glycolate       A_slope  Max_Meta_slope
0             1000  27.689  9.345  0.010469  5.0172   1.3222        4.6725         9.345  2.922600e-11        0.000008
No more input.
Sucrose export rate =-0.9285182687819099
HOMOSERKIN_RXN_p	-0.011472040380819499=3.3881
ACETYLGLUTKIN_RXN_p	-0.0005305818191385647=3.3881
GDPKIN_RXN_p	-0.0005305818191385646=3.3881
ATPPHOSPHORIBOSYLTRANS_RXN_p	-0.0005305818191385646=3.3881
PEPDEPHOS_RXN_p	0.01934472800308969=3.3881
SHIKIMATE_KINASE_RXN_p	-0.008288549085796718=3.3881
PHOSGLYPHOS_RXN_p	0.9144111766134077=3.3881
SULFATE_ADENYLYLTRANS_RXN_p	-0.0010611636382779391=3.3881
GLUTAMINESYN_RXN_p	-4.811146777480468=3.3881
ARGSUCCINSYN_RXN_p	-0.0005305818191385645=3.3881
PRPPSYN_RXN_p	-0.001061163638277129=3.3881
ATP_source_from_ODE	3.3881=3.3881
ATP_ADP_Pi_pc	0.5312928799158299=3.3881
0.5312928799158299
ADENYL_KIN_RXN_p	-0.0031834909148318585=3.91939287991583
ASPARTATEKIN_RXN_p	-0.014282690298162908=3.91939287991583
CARBAMATE_KINASE_RXN_p	-0.0005305818191385645=3.91939287991583
Extra APTase flux =3.91939287991583
SHIKIMATE_5_DEHYDROGENASE_RXN_p	-0.008288549085796718=3.3421
ACETOLACTREDUCTOISOM_RXN_p	-0.006123201469936873=3.3421
HOMOSERDEHYDROG_RXN_NADP_p	-0.011472040380819521=3.3421
GLUTATHIONE_REDUCT_NADPH_RXN_p	-0.0010611636382779393=3.3421
ACETOOHBUTREDUCTOISOM_RXN_p	-0.0022083678284352337=3.3421
NADPHoxp_tx	-0.4272222222222222=3.3421
DIHYDROPICRED_RXN_NADP_p	-0.0028106499173414724=3.3421
1_PERIOD_18_PERIOD_1_PERIOD_2_RXN_p	-2.868100533339872=3.3421
ASPARTATE_SEMIALDEHYDE_DEHYDROGENASE_RXN_p	-0.014282690298162908=3.3421
N_ACETYLGLUTPREDUCT_RXN_p	-0.0005305818191385646=3.3421
NADPH_source_from_ODE	3.3421=3.3421
GAPOXNPHOSPHN_RXN_p	0.9144111766134077=3.3421
RXN_8001_p	0.001061163638277129=3.3421
GLUTAMATE_SYNTHASE_NADH_RXN_p	-2.331044987927272=3.3421
PREPHENATEDEHYDROG_RXN_p	0.0005305818191385646=3.3421
3_ISOPROPYLMALDEHYDROG_RXN_p	0.0026098891365778252=3.3421
PYRUVDEH_RXN_p	0.0031404709557172=3.3421
MALATE_DEH_RXN_p	1.401168067451024=3.3421
1.401168067451024
PGLYCDEHYDROG_RXN_p	0.008123638313133097=4.743268067451024
Extra NADPH flux =4.743268067451024

ODE ATPase 3.3881
FBA ATPase 3.9194
ODE NADPHox 3.3421
FBA NADPHox 4.7433
Loop 2

ans =

   5.7085e-06


   Light intensity       Vc      Vo      VPGA    VT3P  Vstarch  Vt_glycerate  Vt_glycolate       A_slope  Max_Meta_slope
0             1000  27.6911  9.3457  0.010482  5.0201   1.3211        4.6729        9.3457  3.910600e-10        0.000006
No more input.
Sucrose export rate =-0.9788642004837645
ARGSUCCINSYN_RXN_p	-0.0005593509203255982=3.9194
ADENYL_KIN_RXN_p	-0.003356105521953875=3.9194
GDPKIN_RXN_p	-0.0005593509203255983=3.9194
PHOSGLYPHOS_RXN_p	0.6507832913029918=3.9194
ASPARTATEKIN_RXN_p	-0.015057123472464764=3.9194
SULFATE_ADENYLYLTRANS_RXN_p	-0.0011187018406514822=3.9194
SHIKIMATE_KINASE_RXN_p	-0.008737969135149572=3.9194
ATPPHOSPHORIBOSYLTRANS_RXN_p	-0.0005593509203255982=3.9194
PRPPSYN_RXN_p	-0.001118701840651196=3.9194
ATP_source_from_ODE	3.9194=3.9194
ACETYLGLUTKIN_RXN_p	-0.0005593509203255982=3.9194
CARBAMATE_KINASE_RXN_p	-0.0005593509203255981=3.9194
ATP_ADP_Pi_pc	0.20246117993801438=3.9194
0.20246117993801438
HOMOSERKIN_RXN_p	-0.012094075057908653=4.121861179938015
PEPDEPHOS_RXN_p	0.09064941552449977=4.121861179938015
GLUTAMINESYN_RXN_p	-4.819014455295094=4.121861179938015
Extra APTase flux =4.121861179938015
N_ACETYLGLUTPREDUCT_RXN_p	-0.0005593509203255982=4.7433
1_PERIOD_18_PERIOD_1_PERIOD_2_RXN_p	-4.2667641869556645=4.7433
HOMOSERDEHYDROG_RXN_NADP_p	-0.012094075057908096=4.7433
ACETOLACTREDUCTOISOM_RXN_p	-0.006455212474315449=4.7433
ASPARTATE_SEMIALDEHYDE_DEHYDROGENASE_RXN_p	-0.015057123472464762=4.7433
ACETOOHBUTREDUCTOISOM_RXN_p	-0.002328109506764115=4.7433
DIHYDROPICRED_RXN_NADP_p	-0.002963048414547372=4.7433
NADPH_source_from_ODE	4.7433=4.7433
SHIKIMATE_5_DEHYDROGENASE_RXN_p	-0.008737969135149572=4.7433
GLUTATHIONE_REDUCT_NADPH_RXN_p	-0.0011187018406514822=4.7433
NADPHoxp_tx	-0.4272222222222222=4.7433
PREPHENATEDEHYDROG_RXN_p	0.0005593509203255976=4.7433
PGLYCDEHYDROG_RXN_p	0.00861411660360345=4.7433
PYRUVDEH_RXN_p	0.003310752943227352=4.7433
RXN_8001_p	0.0011187018406511962=4.7433
GAPOXNPHOSPHN_RXN_p	0.6507832913029917=4.7433
MALATE_DEH_RXN_p	0.2941493867095812=4.7433
0.2941493867095812
3_ISOPROPYLMALDEHYDROG_RXN_p	0.0027514020229014676=5.03744938670958
GLUTAMATE_SYNTHASE_NADH_RXN_p	-0.961287002343272=5.03744938670958
Extra NADPH flux =5.03744938670958

ODE ATPase 3.9194
FBA ATPase 4.1219
ODE NADPHox 4.7433
FBA NADPHox 5.0374
Loop 3

