Loop 0

ans =

   1.1745e-04

[Warning: ODE model does not reach a steady state: The 1st time ] 
[> In Sim_Ephotosynthesis (line 22)
  In wrapped_Sim_Ephotosynthesis_b7df5154_13ef_4056_86d0_4c671f18 (line 97)] 

   Light intensity      Vc      Vo      VPGA    VT3P  Vstarch  Vt_glycerate  Vt_glycolate       A_slope  Max_Meta_slope
0             1000  37.386  6.3089  0.017846  6.5937   2.3995        3.1544        6.3089  1.657000e-11        0.000001
No more input.
Sucrose export rate =-1.184641024599189
CARBAMATE_KINASE_RXN_p	-0.0006769376661620042=0.0
ASPARTATEKIN_RXN_p	-0.01822243184441079=0.0
PRPPSYN_RXN_p	-0.0013538753323240086=0.0
HOMOSERKIN_RXN_p	-0.014636491416377895=0.0
GLUTAMINESYN_RXN_p	-3.331341145875877=0.0
GDPKIN_RXN_p	-0.0006769376661620044=0.0
SHIKIMATE_KINASE_RXN_p	-0.010574864934343224=0.0
ADENYL_KIN_RXN_p	-0.004061625996961705=0.0
ATPPHOSPHORIBOSYLTRANS_RXN_p	-0.0006769376661620044=0.0
PEPDEPHOS_RXN_p	0.024680783537581016=0.0
ARGSUCCINSYN_RXN_p	-0.0006769376661620042=0.0
ACETYLGLUTKIN_RXN_p	-0.0006769376661620044=0.0
ATP_ADP_Pi_pc	2.168270616877916=0.0
2.168270616877916
PHOSGLYPHOS_RXN_p	1.1919775986479313=2.168270616877916
SULFATE_ADENYLYLTRANS_RXN_p	-0.0013538753323241862=2.168270616877916
Extra APTase flux =2.168270616877916
ACETOLACTREDUCTOISOM_RXN_p	-0.007812227187182084=0.0
SHIKIMATE_5_DEHYDROGENASE_RXN_p	-0.010574864934343226=0.0
ACETOOHBUTREDUCTOISOM_RXN_p	-0.0028175246679867706=0.0
ASPARTATE_SEMIALDEHYDE_DEHYDROGENASE_RXN_p	-0.01822243184441079=0.0
RXN_5682_p	0.000676937666162004=0.0
N_ACETYLGLUTPREDUCT_RXN_p	-0.0006769376661620045=0.0
NADPHoxp_tx	-0.4272222222222222=0.0
GLUTATHIONE_REDUCT_NADPH_RXN_p	-0.0013538753323241867=0.0
6PGLUCONDEHYDROG_RXN_p	0.5016572607562552=0.0
GLU6PDEHYDROG_RXN_p	0.5016572607562553=0.0
1_PERIOD_18_PERIOD_1_PERIOD_2_RXN_p	-0.5353113753240412=0.0
RXN_8001_p	0.0013538753323240084=0.0
HOMOSERDEHYDROG_RXN_NAD_p	-0.014636491416377895=0.0
MALATE_DEH_RXN_p	2.098294154994801=0.0
2.098294154994801
3_ISOPROPYLMALDEHYDROG_RXN_p	0.0033298017333593726=2.098294154994801
DIHYDROPICRED_RXN_NAD_p	-0.0035859404280328936=2.098294154994801
GLUTAMATE_SYNTHASE_NADH_RXN_p	-3.291054203388923=2.098294154994801
PGLYCDEHYDROG_RXN_p	0.01031446512537359=2.098294154994801
GAPOXNPHOSPHN_RXN_p	1.191977598647931=2.098294154994801
PYRUVDEH_RXN_p	0.004006739399521556=2.098294154994801
Extra NADPH flux =2.098294154994801

ODE ATPase 0.0
FBA ATPase 2.1683
ODE NADPHox 0.0
FBA NADPHox 2.0983
Loop 1

ans =

   3.7508e-07


   Light intensity       Vc      Vo      VPGA    VT3P  Vstarch  Vt_glycerate  Vt_glycolate       A_slope  Max_Meta_slope
0             1000  37.3225  6.2982  0.018294  6.6626   2.3551        3.1491        6.2982  2.089200e-10    3.750800e-07
No more input.
Sucrose export rate =-1.2930628131045896
SHIKIMATE_KINASE_RXN_p	-0.01154270729804362=2.1683
HOMOSERKIN_RXN_p	-0.01597606563663011=2.1683
SULFATE_ADENYLYLTRANS_RXN_p	-0.0014777859363759088=2.1683
ACETYLGLUTKIN_RXN_p	-0.0007388929681884465=2.1683
CARBAMATE_KINASE_RXN_p	-0.0007388929681884461=2.1683
GLUTAMINESYN_RXN_p	-3.3421807374976664=2.1683
ATPPHOSPHORIBOSYLTRANS_RXN_p	-0.0007388929681884462=2.1683
PHOSGLYPHOS_RXN_p	0.9490197335589436=2.1683
ATP_source_from_ODE	2.1683=2.1683
ADENYL_KIN_RXN_p	-0.004433357809129583=2.1683
ASPARTATEKIN_RXN_p	-0.019890201751422795=2.1683
PRPPSYN_RXN_p	-0.0014777859363768922=2.1683
PEPDEPHOS_RXN_p	0.026939640556044312=2.1683
ARGSUCCINSYN_RXN_p	-0.0007388929681884461=2.1683
GDPKIN_RXN_p	-0.0007388929681884464=2.1683
ATP_ADP_Pi_pc	0.25641373259160033=2.1683
0.25641373259160033
Extra APTase flux =2.4247137325916004
HOMOSERDEHYDROG_RXN_NADP_p	-0.015976065636630916=2.0983
NADPHoxp_tx	-0.4272222222222222=2.0983
ACETOOHBUTREDUCTOISOM_RXN_p	-0.0030753927118227224=2.0983
GLUTATHIONE_REDUCT_NADPH_RXN_p	-0.0014777859363759088=2.0983
NADPH_source_from_ODE	2.0983=2.0983
1_PERIOD_18_PERIOD_1_PERIOD_2_RXN_p	-1.605935370443019=2.0983
SHIKIMATE_5_DEHYDROGENASE_RXN_p	-0.011542707298043624=2.0983
ACETOLACTREDUCTOISOM_RXN_p	-0.008527224917512564=2.0983
N_ACETYLGLUTPREDUCT_RXN_p	-0.0007388929681884464=2.0983
ASPARTATE_SEMIALDEHYDE_DEHYDROGENASE_RXN_p	-0.019890201751422795=2.0983
DIHYDROPICRED_RXN_NADP_p	-0.003914136114763156=2.0983
PGLYCDEHYDROG_RXN_p	0.011313051087205078=2.0983
PREPHENATEDEHYDROG_RXN_p	0.0007388929681884456=2.0983
GAPOXNPHOSPHN_RXN_p	0.9490197335589436=2.0983
MALATE_DEH_RXN_p	1.306018408017468=2.0983
1.306018408017468
PYRUVDEH_RXN_p	0.004373447830809225=3.4043184080174678
3_ISOPROPYLMALDEHYDROG_RXN_p	0.0036345548626217617=3.4043184080174678
GLUTAMATE_SYNTHASE_NADH_RXN_p	-2.2765758742615856=3.4043184080174678
RXN_8001_p	0.0014777859363768922=3.4043184080174678
Extra NADPH flux =3.4043184080174678

ODE ATPase 2.1683
FBA ATPase 2.4247
ODE NADPHox 2.0983
FBA NADPHox 3.4043
Loop 2

ans =

   7.9615e-07


   Light intensity       Vc      Vo      VPGA    VT3P  Vstarch  Vt_glycerate  Vt_glycolate       A_slope  Max_Meta_slope
0             1000  37.3227  6.2982  0.018299  6.6634   2.3548        3.1491        6.2982  5.298000e-11    7.961500e-07
No more input.
Sucrose export rate =-1.337250887214259
PEPDEPHOS_RXN_p	0.13423646534854297=2.4247
ATPPHOSPHORIBOSYLTRANS_RXN_p	-0.0007641432939317354=2.4247
CARBAMATE_KINASE_RXN_p	-0.0007641432939317353=2.4247
PHOSGLYPHOS_RXN_p	0.7236331395589763=2.4247
ASPARTATEKIN_RXN_p	-0.020569913285585047=2.4247
ADENYL_KIN_RXN_p	-0.0045848597635881425=2.4247
SULFATE_ADENYLYLTRANS_RXN_p	-0.0015282865878612=2.4247
GLUTAMINESYN_RXN_p	-3.3487789211681047=2.4247
PRPPSYN_RXN_p	-0.0015282865878634706=2.4247
ATP_source_from_ODE	2.4247=2.4247
ARGSUCCINSYN_RXN_p	-0.0007641432939317353=2.4247
SHIKIMATE_KINASE_RXN_p	-0.011937158364413366=2.4247
GDPKIN_RXN_p	-0.0007641432939317355=2.4247
ACETYLGLUTKIN_RXN_p	-0.0007641432939317354=2.4247
ATP_ADP_Pi_pc	0.12670055599510696=2.4247
0.12670055599510696
HOMOSERKIN_RXN_p	-0.016522018675551534=2.551400555995107
Extra APTase flux =2.551400555995107
ASPARTATE_SEMIALDEHYDE_DEHYDROGENASE_RXN_p	-0.020569913285585047=3.4043
1_PERIOD_18_PERIOD_1_PERIOD_2_RXN_p	-2.90970924693789=3.4043
SHIKIMATE_5_DEHYDROGENASE_RXN_p	-0.011937158364413367=3.4043
DIHYDROPICRED_RXN_NADP_p	-0.004047894610033515=3.4043
ACETOLACTREDUCTOISOM_RXN_p	-0.008818627348072131=3.4043
GLUTATHIONE_REDUCT_NADPH_RXN_p	-0.0015282865878612=3.4043
HOMOSERDEHYDROG_RXN_NADP_p	-0.016522018675551534=3.4043
NADPH_source_from_ODE	3.4043=3.4043
N_ACETYLGLUTPREDUCT_RXN_p	-0.0007641432939317354=3.4043
NADPHoxp_tx	-0.4272222222222222=3.4043
ACETOOHBUTREDUCTOISOM_RXN_p	-0.003180488674438861=3.4043
3_ISOPROPYLMALDEHYDROG_RXN_p	0.0037587591765944036=3.4043
GAPOXNPHOSPHN_RXN_p	0.7236331395589763=3.4043
RXN_8001_p	0.0015282865878634704=3.4043
PGLYCDEHYDROG_RXN_p	0.011699654069052632=3.4043
PREPHENATEDEHYDROG_RXN_p	0.0007641432939317351=3.4043
PYRUVDEH_RXN_p	0.0045229024705238695=3.4043
GLUTAMATE_SYNTHASE_NADH_RXN_p	-0.9978649955623374=3.4043
MALATE_DEH_RXN_p	0.25195811040539395=3.4043
0.25195811040539395
Extra NADPH flux =3.656258110405394

ODE ATPase 2.4247
FBA ATPase 2.5514
ODE NADPHox 3.4043
FBA NADPHox 3.6563
Loop 3

