Loop 0
0.25

ans =

   2.1366e-05


   Light intensity       Vc      Vo      VPGA    VT3P  Vstarch  Vt_glycerate  Vt_glycolate       A_slope  Max_Meta_slope
0              500  23.0604  7.7829  0.013793  5.4782  0.44882        3.8914        7.7829  7.016500e-09        0.000021
No more input.
Sucrose export rate =-0.9664866388477458
SULFATE_ADENYLYLTRANS_RXN_p	-0.001104556057223993=0.0
ACETYLGLUTKIN_RXN_p	-0.0005522780286118423=0.0
PHOSGLYPHOS_RXN_p	1.1050493952394935=0.0
PEPDEPHOS_RXN_p	0.020135760141263295=0.0
CARBAMATE_KINASE_RXN_p	-0.0005522780286118422=0.0
ATP_ADP_Pi_pc	2.954300602713302=0.0
2.954300602713302
GLUTAMINESYN_RXN_p	-4.035766232065224=2.954300602713302
ATPPHOSPHORIBOSYLTRANS_RXN_p	-0.0005522780286118422=2.954300602713302
ARGSUCCINSYN_RXN_p	-0.0005522780286118422=2.954300602713302
ADENYL_KIN_RXN_p	-0.003313668171671363=2.954300602713302
PRPPSYN_RXN_p	-0.0011045560572236842=2.954300602713302
SHIKIMATE_KINASE_RXN_p	-0.008627479088123136=2.954300602713302
HOMOSERKIN_RXN_p	-0.011941147655531597=2.954300602713302
GDPKIN_RXN_p	-0.0005522780286118422=2.954300602713302
ASPARTATEKIN_RXN_p	-0.014866728855991922=2.954300602713302
Extra APTase flux =2.954300602713302
GLUTATHIONE_REDUCT_NADPH_RXN_p	-0.0011045560572239934=0.0
1_PERIOD_18_PERIOD_1_PERIOD_2_RXN_p	-0.436732546932479=0.0
ACETOLACTREDUCTOISOM_RXN_p	-0.006373587474407443=0.0
6PGLUCONDEHYDROG_RXN_p	0.3077795624724263=0.0
PREPHENATE_DEHYDROGENASE_NADP_RXN_p	0.000552278028611842=0.0
GLU6PDEHYDROG_RXN_p	0.3077795624724264=0.0
SHIKIMATE_5_DEHYDROGENASE_RXN_p	-0.008627479088123134=0.0
ACETOOHBUTREDUCTOISOM_RXN_p	-0.0022986709810716515=0.0
N_ACETYLGLUTPREDUCT_RXN_p	-0.0005522780286118423=0.0
NADPHoxp_tx	-0.14555555555555555=0.0
ASPARTATE_SEMIALDEHYDE_DEHYDROGENASE_RXN_p	-0.014866728855991922=0.0
HOMOSERDEHYDROG_RXN_NAD_p	-0.011941147655531597=0.0
3_ISOPROPYLMALDEHYDROG_RXN_p	0.0027166110395279827=0.0
GLUTAMATE_SYNTHASE_NADH_RXN_p	-4.00289822325484=0.0
GAPOXNPHOSPHN_RXN_p	1.1050493952394937=0.0
PYRUVDEH_RXN_p	0.003268889068140135=0.0
MALATE_DEH_RXN_p	2.897219675816091=0.0
2.897219675816091
RXN_8001_p	0.0011045560572236844=2.897219675816091
PGLYCDEHYDROG_RXN_p	0.008405824890355126=2.897219675816091
DIHYDROPICRED_RXN_NAD_p	-0.0029255812004603306=2.897219675816091
Extra NADPH flux =2.897219675816091

ODE ATPase 0.0
FBA ATPase 2.9543
ODE NADPHox 0.0
FBA NADPHox 2.8972
Loop 1
0.25

ans =

   2.3740e-05


   Light intensity       Vc      Vo      VPGA    VT3P  Vstarch  Vt_glycerate  Vt_glycolate       A_slope  Max_Meta_slope
0              500  22.5822  7.6215  0.013547  5.4131  0.41523        3.8108        7.6215  4.263200e-09        0.000024
No more input.
Sucrose export rate =-1.082449377122403
PEPDEPHOS_RXN_p	0.022551725132062786=2.9543
CARBAMATE_KINASE_RXN_p	-0.0006185424443963294=2.9543
SULFATE_ADENYLYLTRANS_RXN_p	-0.0012370848887923538=2.9543
SHIKIMATE_KINASE_RXN_p	-0.009662636801900602=2.9543
PHOSGLYPHOS_RXN_p	0.6301448814478983=2.9543
ADENYL_KIN_RXN_p	-0.0037112546663773697=2.9543
HOMOSERKIN_RXN_p	-0.01337389191149741=2.9543
GLUTAMINESYN_RXN_p	-3.9723818417951264=2.9543
ATP_source_from_ODE	2.9543=2.9543
ARGSUCCINSYN_RXN_p	-0.0006185424443963294=2.9543
ASPARTATEKIN_RXN_p	-0.01665049545797172=2.9543
ATP_ADP_Pi_pc	0.41435039605248064=2.9543
0.41435039605248064
PRPPSYN_RXN_p	-0.0012370848887926589=3.3686503960524807
GDPKIN_RXN_p	-0.0006185424443963296=3.3686503960524807
ACETYLGLUTKIN_RXN_p	-0.0006185424443963296=3.3686503960524807
ATPPHOSPHORIBOSYLTRANS_RXN_p	-0.0006185424443963294=3.3686503960524807
Extra APTase flux =3.3686503960524807
SHIKIMATE_5_DEHYDROGENASE_RXN_p	-0.009662636801900602=2.8972
ACETOLACTREDUCTOISOM_RXN_p	-0.007138314710623045=2.8972
N_ACETYLGLUTPREDUCT_RXN_p	-0.0006185424443963296=2.8972
ACETOOHBUTREDUCTOISOM_RXN_p	-0.0025744742572300855=2.8972
1_PERIOD_18_PERIOD_1_PERIOD_2_RXN_p	-2.697112400425559=2.8972
HOMOSERDEHYDROG_RXN_NADP_p	-0.013373891911497205=2.8972
GLUTATHIONE_REDUCT_NADPH_RXN_p	-0.001237084888792354=2.8972
NADPH_source_from_ODE	2.8972=2.8972
DIHYDROPICRED_RXN_NADP_p	-0.0032766035464743153=2.8972
NADPHoxp_tx	-0.14555555555555555=2.8972
ASPARTATE_SEMIALDEHYDE_DEHYDROGENASE_RXN_p	-0.01665049545797172=2.8972
PREPHENATEDEHYDROG_RXN_p	0.0006185424443963293=2.8972
GAPOXNPHOSPHN_RXN_p	0.6301448814478982=2.8972
3_ISOPROPYLMALDEHYDROG_RXN_p	0.003042560351508544=2.8972
GLUTAMATE_SYNTHASE_NADH_RXN_p	-1.7275911809160913=2.8972
PGLYCDEHYDROG_RXN_p	0.009520386881748609=2.8972
RXN_8001_p	0.0012370848887926589=2.8972
PYRUVDEH_RXN_p	0.0036611027959045687=2.8972
MALATE_DEH_RXN_p	1.0793666221058438=2.8972
1.0793666221058438
Extra NADPH flux =3.976566622105844

ODE ATPase 2.9543
FBA ATPase 3.3687
ODE NADPHox 2.8972
FBA NADPHox 3.9766
Loop 2
0.25

ans =

   1.3120e-06


   Light intensity       Vc      Vo      VPGA    VT3P  Vstarch  Vt_glycerate  Vt_glycolate       A_slope  Max_Meta_slope
0              500  22.5902  7.6242  0.013552  5.4143  0.41575        3.8121        7.6242  3.904700e-10        0.000001
No more input.
Sucrose export rate =-1.1216934547343067
ACETYLGLUTKIN_RXN_p	-0.0006409676295432571=3.3687
ASPARTATEKIN_RXN_p	-0.017254157254730104=3.3687
CARBAMATE_KINASE_RXN_p	-0.000640967629543257=3.3687
SULFATE_ADENYLYLTRANS_RXN_p	-0.0012819352590855856=3.3687
ATPPHOSPHORIBOSYLTRANS_RXN_p	-0.000640967629543257=3.3687
PRPPSYN_RXN_p	-0.0012819352590865139=3.3687
ATP_source_from_ODE	3.3687=3.3687
ATP_ADP_Pi_pc	0.08789530930541437=3.3687
0.08789530930541437
SHIKIMATE_KINASE_RXN_p	-0.010012954587290717=3.4565953093054143
GLUTAMINESYN_RXN_p	-3.9795917856208223=3.4565953093054143
ADENYL_KIN_RXN_p	-0.003845805777258737=3.4565953093054143
HOMOSERKIN_RXN_p	-0.013858760823836401=3.4565953093054143
GDPKIN_RXN_p	-0.0006409676295432571=3.4565953093054143
PHOSGLYPHOS_RXN_p	0.457939393991566=3.4565953093054143
ARGSUCCINSYN_RXN_p	-0.000640967629543257=3.4565953093054143
PEPDEPHOS_RXN_p	0.11579746943284573=3.4565953093054143
Extra APTase flux =3.4565953093054143
DIHYDROPICRED_RXN_NADP_p	-0.003395396430893705=3.9766
N_ACETYLGLUTPREDUCT_RXN_p	-0.0006409676295432571=3.9766
ACETOOHBUTREDUCTOISOM_RXN_p	-0.0026678115251854454=3.9766
SHIKIMATE_5_DEHYDROGENASE_RXN_p	-0.010012954587290719=3.9766
ASPARTATE_SEMIALDEHYDE_DEHYDROGENASE_RXN_p	-0.0172541572547301=3.9766
ACETOLACTREDUCTOISOM_RXN_p	-0.007397113489062554=3.9766
NADPH_source_from_ODE	3.9766=3.9766
NADPHoxp_tx	-0.14555555555555555=3.9766
GLUTATHIONE_REDUCT_NADPH_RXN_p	-0.0012819352590855858=3.9766
1_PERIOD_18_PERIOD_1_PERIOD_2_RXN_p	-3.7745353474447962=3.9766
HOMOSERDEHYDROG_RXN_NADP_p	-0.0138587608238364=3.9766
GLUTAMATE_SYNTHASE_NADH_RXN_p	-0.6737770503418821=3.9766
PYRUVDEH_RXN_p	0.0037938356564924014=3.9766
RXN_8001_p	0.0012819352590865139=3.9766
MALATE_DEH_RXN_p	0.19715431510994774=3.9766
0.19715431510994774
PREPHENATEDEHYDROG_RXN_p	0.0006409676295432567=4.173754315109948
PGLYCDEHYDROG_RXN_p	0.009813734668279363=4.173754315109948
3_ISOPROPYLMALDEHYDROG_RXN_p	0.0031528680269500725=4.173754315109948
GAPOXNPHOSPHN_RXN_p	0.457939393991566=4.173754315109948
Extra NADPH flux =4.173754315109948

ODE ATPase 3.3687
FBA ATPase 3.4566
ODE NADPHox 3.9766
FBA NADPHox 4.1738
Loop 3
0.25

