Loop 0

ans =

   1.1745e-04

[Warning: ODE model does not reach a steady state: The 1st time ] 
[> In Sim_Ephotosynthesis (line 22)
  In wrapped_Sim_Ephotosynthesis_02d5cd85_43b3_40a2_8dc7_4bedbd9c (line 97)] 

   Light intensity      Vc      Vo      VPGA    VT3P  Vstarch  Vt_glycerate  Vt_glycolate       A_slope  Max_Meta_slope
0             1000  37.386  6.3089  0.017846  6.5937   2.3995        3.1544        6.3089  1.657000e-11        0.000001
No more input.
Sucrose export rate =-1.1345129193709667
ATPPHOSPHORIBOSYLTRANS_RXN_p	-0.0006482930372341845=0.0
ATP_ADP_Pi_pc	1.980481480495284=0.0
1.980481480495284
ASPARTATEKIN_RXN_p	-0.017451349328941563=1.980481480495284
GLUTAMINESYN_RXN_p	-3.3238559940112125=1.980481480495284
SULFATE_ADENYLYLTRANS_RXN_p	-0.001296586074469646=1.980481480495284
ACETYLGLUTKIN_RXN_p	-0.0006482930372341846=1.980481480495284
CARBAMATE_KINASE_RXN_p	-0.0006482930372341845=1.980481480495284
PHOSGLYPHOS_RXN_p	1.3710583800189993=1.980481480495284
HOMOSERKIN_RXN_p	-0.014017148031626313=1.980481480495284
PEPDEPHOS_RXN_p	0.02363641575969506=1.980481480495284
SHIKIMATE_KINASE_RXN_p	-0.010127389343682881=1.980481480495284
GDPKIN_RXN_p	-0.0006482930372341846=1.980481480495284
PRPPSYN_RXN_p	-0.0012965860744683687=1.980481480495284
ARGSUCCINSYN_RXN_p	-0.0006482930372341843=1.980481480495284
ADENYL_KIN_RXN_p	-0.0038897582234066357=1.980481480495284
Extra APTase flux =1.980481480495284
ACETOOHBUTREDUCTOISOM_RXN_p	-0.002698301063445691=0.0
SHIKIMATE_5_DEHYDROGENASE_RXN_p	-0.010127389343682881=0.0
1_PERIOD_18_PERIOD_1_PERIOD_2_RXN_p	-0.512659665316642=0.0
NADPHoxp_tx	-0.6835555555555557=0.0
ACETOLACTREDUCTOISOM_RXN_p	-0.007481652660068825=0.0
ASPARTATE_SEMIALDEHYDE_DEHYDROGENASE_RXN_p	-0.017451349328941563=0.0
N_ACETYLGLUTPREDUCT_RXN_p	-0.0006482930372341845=0.0
GLU6PDEHYDROG_RXN_p	0.6176352496714032=0.0
PREPHENATE_DEHYDROGENASE_NADP_RXN_p	0.0006482930372341843=0.0
6PGLUCONDEHYDROG_RXN_p	0.617635249671403=0.0
GLUTATHIONE_REDUCT_NADPH_RXN_p	-0.001296586074469646=0.0
GLUTAMATE_SYNTHASE_NADH_RXN_p	-3.285273794185009=0.0
3_ISOPROPYLMALDEHYDROG_RXN_p	0.0031889011160306504=0.0
DIHYDROPICRED_RXN_NAD_p	-0.0034342012973152527=0.0
HOMOSERDEHYDROG_RXN_NAD_p	-0.014017148031626313=0.0
MALATE_DEH_RXN_p	1.9134681895450936=0.0
1.9134681895450936
RXN_8001_p	0.0012965860744683687=1.9134681895450936
PYRUVDEH_RXN_p	0.003837194153266112=1.9134681895450936
GAPOXNPHOSPHN_RXN_p	1.3710583800189995=1.9134681895450936
PGLYCDEHYDROG_RXN_p	0.009875892606092283=1.9134681895450936
Extra NADPH flux =1.9134681895450936

ODE ATPase 0.0
FBA ATPase 1.9805
ODE NADPHox 0.0
FBA NADPHox 1.9135
Loop 1

ans =

   9.3962e-06


   Light intensity       Vc      Vo      VPGA    VT3P  Vstarch  Vt_glycerate  Vt_glycolate       A_slope  Max_Meta_slope
0             1000  37.3251  6.2986  0.018271  6.6589   2.3574        3.1493        6.2986  1.866300e-11        0.000009
No more input.
Sucrose export rate =-1.2342481652453388
SULFATE_ADENYLYLTRANS_RXN_p	-0.0014105692021419832=1.9805
HOMOSERKIN_RXN_p	-0.01524939817309399=1.9805
PEPDEPHOS_RXN_p	0.02571429755090069=1.9805
ACETYLGLUTKIN_RXN_p	-0.0007052846010702706=1.9805
ATP_ADP_Pi_pc	0.2186227531101077=1.9805
0.2186227531101077
ATPPHOSPHORIBOSYLTRANS_RXN_p	-0.0007052846010702704=2.1991227531101076
ATP_source_from_ODE	1.9805=2.1991227531101076
GDPKIN_RXN_p	-0.0007052846010702706=2.1991227531101076
ASPARTATEKIN_RXN_p	-0.01898550075737399=2.1991227531101076
PRPPSYN_RXN_p	-0.0014105692021405408=2.1991227531101076
CARBAMATE_KINASE_RXN_p	-0.0007052846010702704=2.1991227531101076
GLUTAMINESYN_RXN_p	-3.333598507068712=2.1991227531101076
ARGSUCCINSYN_RXN_p	-0.0007052846010702704=2.1991227531101076
PHOSGLYPHOS_RXN_p	1.1645933144155234=2.1991227531101076
ADENYL_KIN_RXN_p	-0.004231707606421694=2.1991227531101076
SHIKIMATE_KINASE_RXN_p	-0.011017690061296338=2.1991227531101076
Extra APTase flux =2.1991227531101076
1_PERIOD_18_PERIOD_1_PERIOD_2_RXN_p	-1.1677650236794601=1.9135
SHIKIMATE_5_DEHYDROGENASE_RXN_p	-0.01101769006129634=1.9135
N_ACETYLGLUTPREDUCT_RXN_p	-0.0007052846010702706=1.9135
NADPHoxp_tx	-0.6835555555555557=1.9135
NADPH_source_from_ODE	1.9135=1.9135
HOMOSERDEHYDROG_RXN_NADP_p	-0.01524939817309468=1.9135
GLUTATHIONE_REDUCT_NADPH_RXN_p	-0.0014105692021419835=1.9135
ACETOOHBUTREDUCTOISOM_RXN_p	-0.00293550922159963=1.9135
ASPARTATE_SEMIALDEHYDE_DEHYDROGENASE_RXN_p	-0.018985500757373985=1.9135
DIHYDROPICRED_RXN_NADP_p	-0.003736102584280003=1.9135
ACETOLACTREDUCTOISOM_RXN_p	-0.00813936616412688=1.9135
GAPOXNPHOSPHN_RXN_p	1.1645933144155238=1.9135
PREPHENATEDEHYDROG_RXN_p	0.00070528460107027=1.9135
GLUTAMATE_SYNTHASE_NADH_RXN_p	-2.6815871887680864=1.9135
PYRUVDEH_RXN_p	0.004174522618909279=1.9135
PGLYCDEHYDROG_RXN_p	0.010798479707000827=1.9135
MALATE_DEH_RXN_p	1.4964357802056039=1.9135
1.4964357802056039
3_ISOPROPYLMALDEHYDROG_RXN_p	0.0034692380178375664=3.409935780205604
RXN_8001_p	0.0014105692021405408=3.409935780205604
Extra NADPH flux =3.409935780205604

ODE ATPase 1.9805
FBA ATPase 2.1991
ODE NADPHox 1.9135
FBA NADPHox 3.4099
Loop 2

ans =

   9.7888e-07


   Light intensity       Vc      Vo      VPGA   VT3P  Vstarch  Vt_glycerate  Vt_glycolate       A_slope  Max_Meta_slope
0             1000  37.3296  6.2994  0.018251  6.656   2.3595        3.1497        6.2994  1.312400e-10    9.788800e-07
No more input.
Sucrose export rate =-1.283068703109925
ATPPHOSPHORIBOSYLTRANS_RXN_p	-0.0007331820487160738=2.1991
HOMOSERKIN_RXN_p	-0.015852586285410815=2.1991
GLUTAMINESYN_RXN_p	-3.341288412369756=2.1991
PHOSGLYPHOS_RXN_p	0.9009750476492937=2.1991
SHIKIMATE_KINASE_RXN_p	-0.011453493467745697=2.1991
PEPDEPHOS_RXN_p	0.12604521056477083=2.1991
CARBAMATE_KINASE_RXN_p	-0.0007331820487160739=2.1991
ATP_source_from_ODE	2.1991=2.1991
PRPPSYN_RXN_p	-0.0014663640974321476=2.1991
GDPKIN_RXN_p	-0.0007331820487160739=2.1991
ADENYL_KIN_RXN_p	-0.004399092292299689=2.1991
ACETYLGLUTKIN_RXN_p	-0.0007331820487160739=2.1991
ATP_ADP_Pi_pc	0.1732084345981592=2.1991
0.1732084345981592
ARGSUCCINSYN_RXN_p	-0.0007331820487160737=2.372308434598159
ASPARTATEKIN_RXN_p	-0.01973646995856115=2.372308434598159
SULFATE_ADENYLYLTRANS_RXN_p	-0.0014663640974362042=2.372308434598159
Extra APTase flux =2.372308434598159
ASPARTATE_SEMIALDEHYDE_DEHYDROGENASE_RXN_p	-0.01973646995856115=3.4099
SHIKIMATE_5_DEHYDROGENASE_RXN_p	-0.011453493467745698=3.4099
GLUTATHIONE_REDUCT_NADPH_RXN_p	-0.0014663640974362045=3.4099
NADPH_source_from_ODE	3.4099=3.4099
NADPHoxp_tx	-0.6835555555555557=3.4099
N_ACETYLGLUTPREDUCT_RXN_p	-0.000733182048716074=3.4099
1_PERIOD_18_PERIOD_1_PERIOD_2_RXN_p	-2.661705524162612=3.4099
HOMOSERDEHYDROG_RXN_NADP_p	-0.01585258628541081=3.4099
DIHYDROPICRED_RXN_NADP_p	-0.003883883673150341=3.4099
ACETOOHBUTREDUCTOISOM_RXN_p	-0.003051622936118671=3.4099
ACETOLACTREDUCTOISOM_RXN_p	-0.008461317814693446=3.4099
PREPHENATEDEHYDROG_RXN_p	0.0007331820487160747=3.4099
PYRUVDEH_RXN_p	0.00433964535947716=3.4099
3_ISOPROPYLMALDEHYDROG_RXN_p	0.0036064633107570293=3.4099
PGLYCDEHYDROG_RXN_p	0.011225612274323707=3.4099
GLUTAMATE_SYNTHASE_NADH_RXN_p	-1.2157371694274297=3.4099
MALATE_DEH_RXN_p	0.29339085468743087=3.4099
0.29339085468743087
RXN_8001_p	0.0014663640974321476=3.703290854687431
GAPOXNPHOSPHN_RXN_p	0.9009750476492936=3.703290854687431
Extra NADPH flux =3.703290854687431

ODE ATPase 2.1991
FBA ATPase 2.3723
ODE NADPHox 3.4099
FBA NADPHox 3.7033
Loop 3

