Loop 0
Papaver dubium

ans =

   2.1366e-05


ERROR:cobra.io.sbml:No objective coefficients in model. Unclear what should be optimized
   Light intensity       Vc      Vo      VPGA    VT3P  Vstarch  Vt_glycerate  Vt_glycolate       A_slope  Max_Meta_slope
0              500  23.0604  7.7829  0.013793  5.4782  0.44882        3.8914        7.7829  7.016500e-09        0.000021
No more input.
Sucrose export rate =-0.4278897276085923
GDPKIN_RXN_p	-0.0021394486380429617=0.0
ADENYL_KIN_RXN_p	-0.024603659337496465=0.0
CARBAMATE_KINASE_RXN_p	-0.004278897276085923=0.0
PRPPSYN_RXN_p	-0.014976140466300717=0.0
ATP_ADP_Pi_pc	2.655647060633203=0.0
2.655647060633203
ASPARTATEKIN_RXN_p	-0.07274125369175266=2.655647060633203
GLUTAMINESYN_RXN_p	-5.361251214337225=2.655647060633203
ATPPHOSPHORIBOSYLTRANS_RXN_p	-0.002139448638042961=2.655647060633203
HOMOSERKIN_RXN_p	-0.06632290777933302=2.655647060633203
ACETYLGLUTKIN_RXN_p	-0.004278897276085923=2.655647060633203
PHOSGLYPHOS_RXN_p	2.8403894179007283=2.655647060633203
SHIKIMATE_KINASE_RXN_p	-0.028882556613579944=2.655647060633203
PEPDEPHOS_RXN_p	0.09306601575316738=2.655647060633203
ARGSUCCINSYN_RXN_p	-0.004278897276085923=2.655647060633203
SULFATE_ADENYLYLTRANS_RXN_p	-0.0032091729570656834=2.655647060633203
Extra APTase flux =2.655647060633203
ACETOOHBUTREDUCTOISOM_RXN_p	-0.010697243190214796=0.0
GLUTATHIONE_REDUCT_NADPH_RXN_p	-0.003209172957065683=0.0
GLU6PDEHYDROG_RXN_p	2.6268541616936627=0.0
PREPHENATE_DEHYDROGENASE_NADP_RXN_p	0.012836691828257758=0.0
1_PERIOD_18_PERIOD_1_PERIOD_2_RXN_p	-4.524933869460869=0.0
ASPARTATE_SEMIALDEHYDE_DEHYDROGENASE_RXN_p	-0.07274125369175266=0.0
SHIKIMATE_5_DEHYDROGENASE_RXN_p	-0.028882556613579944=0.0
6PGLUCONDEHYDROG_RXN_p	2.6268541616936627=0.0
ACETOLACTREDUCTOISOM_RXN_p	-0.03957979980379474=0.0
NADPHoxp_tx	-0.5822222222222222=0.0
N_ACETYLGLUTPREDUCT_RXN_p	-0.004278897276085923=0.0
GAPOXNPHOSPHN_RXN_p	2.840389417900728=0.0
DIHYDROPICRED_RXN_NAD_p	-0.006418345912419672=0.0
RXN_8001_p	0.0042788972760859035=0.0
3_ISOPROPYLMALDEHYDROG_RXN_p	0.009627518871193319=0.0
MALATE_DEH_RXN_p	2.0876734472327954=0.0
2.0876734472327954
PGLYCDEHYDROG_RXN_p	0.10692243190044093=2.0876734472327954
GLUTAMATE_SYNTHASE_NADH_RXN_p	-4.988987151317749=2.0876734472327954
PYRUVDEH_RXN_p	0.012836691828259004=2.0876734472327954
HOMOSERDEHYDROG_RXN_NAD_p	-0.066322907779333=2.0876734472327954
Extra NADPH flux =2.0876734472327954

ODE ATPase 0.0
FBA ATPase 2.656
ODE NADPHox 0.0
FBA NADPHox 2.088
Loop 1
Papaver dubium

ans =

   3.0300e-06


ERROR:cobra.io.sbml:No objective coefficients in model. Unclear what should be optimized
   Light intensity       Vc      Vo      VPGA    VT3P  Vstarch  Vt_glycerate  Vt_glycolate       A_slope  Max_Meta_slope
0              500  22.5844  7.6222  0.013549  5.4135  0.41536        3.8111        7.6222  4.110000e-09        0.000003
No more input.
Sucrose export rate =-0.4723127792200691
ADENYL_KIN_RXN_p	-0.02715798480516072=2.656
PHOSGLYPHOS_RXN_p	2.8599090393523703=2.656
CARBAMATE_KINASE_RXN_p	-0.004723127792200692=2.656
ASPARTATEKIN_RXN_p	-0.08029317246796984=2.656
PRPPSYN_RXN_p	-0.016530947272702403=2.656
GLUTAMINESYN_RXN_p	-5.433494396620381=2.656
GDPKIN_RXN_p	-0.0023615638961003464=2.656
HOMOSERKIN_RXN_p	-0.07320848077911202=2.656
ATP_source_from_ODE	2.656=2.656
ATPPHOSPHORIBOSYLTRANS_RXN_p	-0.0023615638961003455=2.656
PEPDEPHOS_RXN_p	0.1027280294809215=2.656
ACETYLGLUTKIN_RXN_p	-0.004723127792200692=2.656
ARGSUCCINSYN_RXN_p	-0.004723127792200692=2.656
SHIKIMATE_KINASE_RXN_p	-0.03188111259735463=2.656
ATP_ADP_Pi_pc	0.06636388272234643=2.656
0.06636388272234643
SULFATE_ADENYLYLTRANS_RXN_p	-0.0035423458441518675=2.7223638827223464
Extra APTase flux =2.7223638827223464
ACETOLACTREDUCTOISOM_RXN_p	-0.04368893207785633=2.088
6PGLUCONDEHYDROG_RXN_p	1.8253484946789413=2.088
ACETOOHBUTREDUCTOISOM_RXN_p	-0.011807819480501714=2.088
ASPARTATE_SEMIALDEHYDE_DEHYDROGENASE_RXN_p	-0.08029317246796984=2.088
1_PERIOD_18_PERIOD_1_PERIOD_2_RXN_p	-4.994707640252234=2.088
NADPH_source_from_ODE	2.088=2.088
SHIKIMATE_5_DEHYDROGENASE_RXN_p	-0.03188111259735463=2.088
PREPHENATE_DEHYDROGENASE_NADP_RXN_p	0.014169383376602061=2.088
GLUTATHIONE_REDUCT_NADPH_RXN_p	-0.003542345844151867=2.088
NADPHoxp_tx	-0.5822222222222222=2.088
GLU6PDEHYDROG_RXN_p	1.825348494678941=2.088
N_ACETYLGLUTPREDUCT_RXN_p	-0.004723127792200692=2.088
MALATE_DEH_RXN_p	2.095368668307687=2.088
2.095368668307687
DIHYDROPICRED_RXN_NAD_p	-0.007084691688857843=4.183368668307687
RXN_8001_p	0.004723127792200692=4.183368668307687
GLUTAMATE_SYNTHASE_NADH_RXN_p	-5.022582278698921=4.183368668307687
PGLYCDEHYDROG_RXN_p	0.11807819480557769=4.183368668307687
3_ISOPROPYLMALDEHYDROG_RXN_p	0.010627037532451547=4.183368668307687
GAPOXNPHOSPHN_RXN_p	2.8599090393523703=4.183368668307687
HOMOSERDEHYDROG_RXN_NAD_p	-0.073208480779112=4.183368668307687
PYRUVDEH_RXN_p	0.014169383376603414=4.183368668307687
Extra NADPH flux =4.183368668307687

ODE ATPase 2.656
FBA ATPase 2.722
ODE NADPHox 2.088
FBA NADPHox 4.183
Loop 2
Papaver dubium

ans =

   3.6808e-08


ERROR:cobra.io.sbml:No objective coefficients in model. Unclear what should be optimized
   Light intensity       Vc      Vo      VPGA    VT3P  Vstarch  Vt_glycerate  Vt_glycolate       A_slope  Max_Meta_slope
0              500  22.7829  7.6892  0.013655  5.4414  0.42886        3.8446        7.6892  9.110500e-11    3.680800e-08
No more input.
Sucrose export rate =-0.5106711066300571
GDPKIN_RXN_p	-0.0025533555331502867=2.722
ATP_ADP_Pi_pc	0.028409495478667765=2.722
0.028409495478667765
PRPPSYN_RXN_p	-0.017873488732051985=2.7504094954786678
HOMOSERKIN_RXN_p	-0.07915402152765888=2.7504094954786678
ACETYLGLUTKIN_RXN_p	-0.0051067110663005726=2.7504094954786678
SULFATE_ADENYLYLTRANS_RXN_p	-0.0038300332997255092=2.7504094954786678
GLUTAMINESYN_RXN_p	-5.598755251276475=2.7504094954786678
PHOSGLYPHOS_RXN_p	3.0092071543862753=2.7504094954786678
ATPPHOSPHORIBOSYLTRANS_RXN_p	-0.0025533555331502854=2.7504094954786678
SHIKIMATE_KINASE_RXN_p	-0.03447029969752883=2.7504094954786678
ATP_source_from_ODE	2.722=2.7504094954786678
PEPDEPHOS_RXN_p	0.11107096568980616=2.7504094954786678
ARGSUCCINSYN_RXN_p	-0.005106711066300571=2.7504094954786678
CARBAMATE_KINASE_RXN_p	-0.005106711066300572=2.7504094954786678
ADENYL_KIN_RXN_p	-0.029363588631229478=2.7504094954786678
ASPARTATEKIN_RXN_p	-0.08681408812487856=2.7504094954786678
Extra APTase flux =2.7504094954786678
ACETOOHBUTREDUCTOISOM_RXN_p	-0.012766777665751414=4.183
ASPARTATE_SEMIALDEHYDE_DEHYDROGENASE_RXN_p	-0.08681408812487856=4.183
GLU6PDEHYDROG_RXN_p	0.9872370144268175=4.183
NADPH_source_from_ODE	4.183=4.183
1_PERIOD_18_PERIOD_1_PERIOD_2_RXN_p	-5.400346952612846=4.183
SHIKIMATE_5_DEHYDROGENASE_RXN_p	-0.03447029969752883=4.183
ACETOLACTREDUCTOISOM_RXN_p	-0.047237077363280235=4.183
N_ACETYLGLUTPREDUCT_RXN_p	-0.005106711066300571=4.183
GLUTATHIONE_REDUCT_NADPH_RXN_p	-0.0038300332997255092=4.183
NADPHoxp_tx	-0.5822222222222222=4.183
RXN_5682_p	0.0153201331989017=4.183
6PGLUCONDEHYDROG_RXN_p	0.9872370144268178=4.183
GLUTAMATE_SYNTHASE_NADH_RXN_p	-5.154471388508326=4.183
3_ISOPROPYLMALDEHYDROG_RXN_p	0.011490099899176279=4.183
RXN_8001_p	0.005106711066300571=4.183
GAPOXNPHOSPHN_RXN_p	3.009207154386275=4.183
HOMOSERDEHYDROG_RXN_NAD_p	-0.07915402152765887=4.183
PYRUVDEH_RXN_p	0.015320133198901787=4.183
DIHYDROPICRED_RXN_NAD_p	-0.0076600665972196775=4.183
PGLYCDEHYDROG_RXN_p	0.12766777665528245=4.183
MALATE_DEH_RXN_p	2.0724936014272686=4.183
2.0724936014272686
Extra NADPH flux =6.255493601427268

ODE ATPase 2.722
FBA ATPase 2.75
ODE NADPHox 4.183
FBA NADPHox 6.255
Loop 3
Papaver dubium

