Loop 0
Arabidopsis thaliana

ans =

   2.1366e-05


ERROR:cobra.io.sbml:No objective coefficients in model. Unclear what should be optimized
   Light intensity       Vc      Vo      VPGA    VT3P  Vstarch  Vt_glycerate  Vt_glycolate       A_slope  Max_Meta_slope
0              500  23.0604  7.7829  0.013793  5.4782  0.44882        3.8914        7.7829  7.016500e-09        0.000021
No more input.
Sucrose export rate =-0.8117565223111015
PRPPSYN_RXN_p	-0.004796743086383781=0.0
PEPDEPHOS_RXN_p	0.03874292492827168=0.0
HOMOSERKIN_RXN_p	-0.027673517806060043=0.0
GDPKIN_RXN_p	-0.0014759209496565484=0.0
GLUTAMINESYN_RXN_p	-4.41337254582251=0.0
ASPARTATEKIN_RXN_p	-0.03431516207930211=0.0
PHOSGLYPHOS_RXN_p	1.8247469446468363=0.0
SHIKIMATE_KINASE_RXN_p	-0.009593486172767566=0.0
ATPPHOSPHORIBOSYLTRANS_RXN_p	-0.0014759209496565484=0.0
ARGSUCCINSYN_RXN_p	-0.005903683798626192=0.0
CARBAMATE_KINASE_RXN_p	-0.005903683798626192=0.0
ATP_ADP_Pi_pc	2.6642665498455758=0.0
2.6642665498455758
SULFATE_ADENYLYLTRANS_RXN_p	-0.0025828616618987217=2.6642665498455758
ACETYLGLUTKIN_RXN_p	-0.005903683798626194=2.6642665498455758
ADENYL_KIN_RXN_p	-0.014759209496568403=2.6642665498455758
Extra APTase flux =2.6642665498455758
RXN_5682_p	0.0022138814244848227=0.0
1_PERIOD_18_PERIOD_1_PERIOD_2_RXN_p	-1.6836568233207145=0.0
ASPARTATE_SEMIALDEHYDE_DEHYDROGENASE_RXN_p	-0.0343151620793021=0.0
SHIKIMATE_5_DEHYDROGENASE_RXN_p	-0.009593486172767566=0.0
ACETOLACTREDUCTOISOM_RXN_p	-0.013283288546908932=0.0
ACETOOHBUTREDUCTOISOM_RXN_p	-0.004427762848969644=0.0
6PGLUCONDEHYDROG_RXN_p	1.1668857046134624=0.0
N_ACETYLGLUTPREDUCT_RXN_p	-0.005903683798626194=0.0
GLUTATHIONE_REDUCT_NADPH_RXN_p	-0.0025828616618987217=0.0
NADPHoxp_tx	-0.5822222222222222=0.0
GLU6PDEHYDROG_RXN_p	1.1668857046134624=0.0
DIHYDROPICRED_RXN_NAD_p	-0.006641644273242064=0.0
GLUTAMATE_SYNTHASE_NADH_RXN_p	-4.286074363914633=0.0
MALATE_DEH_RXN_p	2.442374937040968=0.0
2.442374937040968
PGLYCDEHYDROG_RXN_p	0.03887741504698007=2.442374937040968
HOMOSERDEHYDROG_RXN_NAD_p	-0.027673517806060043=2.442374937040968
3_ISOPROPYLMALDEHYDROG_RXN_p	0.0044277628489696455=2.442374937040968
RXN_8001_p	0.0029518418993130964=2.442374937040968
GAPOXNPHOSPHN_RXN_p	1.824746944646836=2.442374937040968
PYRUVDEH_RXN_p	0.007010624510868366=2.442374937040968
Extra NADPH flux =2.442374937040968

ODE ATPase 0.0
FBA ATPase 2.664
ODE NADPHox 0.0
FBA NADPHox 2.442
Loop 1
Arabidopsis thaliana

ans =

   8.7315e-06


ERROR:cobra.io.sbml:No objective coefficients in model. Unclear what should be optimized
   Light intensity       Vc      Vo      VPGA    VT3P  Vstarch  Vt_glycerate  Vt_glycolate       A_slope  Max_Meta_slope
0              500  22.6389  7.6406  0.013579  5.4213  0.41899        3.8203        7.6406  2.130800e-08        0.000009
No more input.
Sucrose export rate =-0.908764141740297
SHIKIMATE_KINASE_RXN_p	-0.010739939856930785=2.664
GDPKIN_RXN_p	-0.0016522984395278123=2.664
CARBAMATE_KINASE_RXN_p	-0.006609193758111251=2.664
PRPPSYN_RXN_p	-0.00536996992846539=2.664
ADENYL_KIN_RXN_p	-0.016522984395275067=2.664
ATP_source_from_ODE	2.664=2.664
ARGSUCCINSYN_RXN_p	-0.00660919375811125=2.664
ACETYLGLUTKIN_RXN_p	-0.006609193758111251=2.664
ATP_ADP_Pi_pc	0.0754309950883812=2.664
0.0754309950883812
GLUTAMINESYN_RXN_p	-4.404594035678409=2.7394309950883815
HOMOSERKIN_RXN_p	-0.030980595741145738=2.7394309950883815
ATPPHOSPHORIBOSYLTRANS_RXN_p	-0.0016522984395278125=2.7394309950883815
ASPARTATEKIN_RXN_p	-0.03841593871863155=2.7394309950883815
SULFATE_ADENYLYLTRANS_RXN_p	-0.002891522269172923=2.7394309950883815
PHOSGLYPHOS_RXN_p	1.7498433356158234=2.7394309950883815
PEPDEPHOS_RXN_p	0.043372834037215716=2.7394309950883815
Extra APTase flux =2.7394309950883815
ASPARTATE_SEMIALDEHYDE_DEHYDROGENASE_RXN_p	-0.03841593871863154=2.442
NADPH_source_from_ODE	2.442=2.442
GLUTATHIONE_REDUCT_NADPH_RXN_p	-0.002891522269172923=2.442
ACETOLACTREDUCTOISOM_RXN_p	-0.014870685955750312=2.442
GLU6PDEHYDROG_RXN_p	0.0505436976657271=2.442
1_PERIOD_18_PERIOD_1_PERIOD_2_RXN_p	-1.8848594448913432=2.442
ACETOOHBUTREDUCTOISOM_RXN_p	-0.004956895318583436=2.442
6PGLUCONDEHYDROG_RXN_p	0.050543697665727104=2.442
NADPHoxp_tx	-0.5822222222222222=2.442
SHIKIMATE_5_DEHYDROGENASE_RXN_p	-0.010739939856930785=2.442
PREPHENATE_DEHYDROGENASE_NADP_RXN_p	0.0024784476592917193=2.442
N_ACETYLGLUTPREDUCT_RXN_p	-0.006609193758111252=2.442
PGLYCDEHYDROG_RXN_p	0.04357937134215403=2.442
HOMOSERDEHYDROG_RXN_NAD_p	-0.030980595741145738=2.442
MALATE_DEH_RXN_p	2.4909666172443954=2.442
2.4909666172443954
PYRUVDEH_RXN_p	0.007848417587756359=4.932966617244396
GAPOXNPHOSPHN_RXN_p	1.7498433356158232=4.932966617244396
DIHYDROPICRED_RXN_NAD_p	-0.0074353429774858=4.932966617244396
GLUTAMATE_SYNTHASE_NADH_RXN_p	-4.262083295269136=4.932966617244396
3_ISOPROPYLMALDEHYDROG_RXN_p	0.004956895318583438=4.932966617244396
RXN_8001_p	0.003304596879055625=4.932966617244396
Extra NADPH flux =4.932966617244396

ODE ATPase 2.664
FBA ATPase 2.739
ODE NADPHox 2.442
FBA NADPHox 4.933
Loop 2
Arabidopsis thaliana

ans =

   4.2391e-05


ERROR:cobra.io.sbml:No objective coefficients in model. Unclear what should be optimized
   Light intensity       Vc      Vo      VPGA    VT3P  Vstarch  Vt_glycerate  Vt_glycolate       A_slope  Max_Meta_slope
0              500  22.8396  7.7084  0.013685  5.4492  0.43281        3.8542        7.7084  1.204500e-07        0.000042
No more input.
Sucrose export rate =-0.9873864335106077
ATPPHOSPHORIBOSYLTRANS_RXN_p	-0.001795248060928378=2.739
HOMOSERKIN_RXN_p	-0.033660901142407676=2.739
SULFATE_ADENYLYLTRANS_RXN_p	-0.003141684106625246=2.739
ATP_ADP_Pi_pc	0.15481732562230596=2.739
0.15481732562230596
GLUTAMINESYN_RXN_p	-4.489044595545852=2.893817325622306
ARGSUCCINSYN_RXN_p	-0.007180992243713512=2.893817325622306
ACETYLGLUTKIN_RXN_p	-0.0071809922437135135=2.893817325622306
ATP_source_from_ODE	2.739=2.893817325622306
GDPKIN_RXN_p	-0.001795248060928378=2.893817325622306
PHOSGLYPHOS_RXN_p	1.4490451278861234=2.893817325622306
PRPPSYN_RXN_p	-0.005834556198017228=2.893817325622306
ADENYL_KIN_RXN_p	-0.017952480609285122=2.893817325622306
ASPARTATEKIN_RXN_p	-0.041739517416532285=2.893817325622306
CARBAMATE_KINASE_RXN_p	-0.007180992243713513=2.893817325622306
PEPDEPHOS_RXN_p	0.2853138667593225=2.893817325622306
SHIKIMATE_KINASE_RXN_p	-0.01166911239603446=2.893817325622306
Extra APTase flux =2.893817325622306
GLUTATHIONE_REDUCT_NADPH_RXN_p	-0.0031416841066252464=4.933
1_PERIOD_18_PERIOD_1_PERIOD_2_RXN_p	-4.2237639774672004=4.933
HOMOSERDEHYDROG_RXN_NADP_p	-0.033660901142407676=4.933
DIHYDROPICRED_RXN_NADP_p	-0.008078616274124612=4.933
N_ACETYLGLUTPREDUCT_RXN_p	-0.007180992243713512=4.933
NADPH_source_from_ODE	4.933=4.933
SHIKIMATE_5_DEHYDROGENASE_RXN_p	-0.011669112396034461=4.933
ACETOLACTREDUCTOISOM_RXN_p	-0.016157232548355396=4.933
NADPHoxp_tx	-0.5822222222222222=4.933
ASPARTATE_SEMIALDEHYDE_DEHYDROGENASE_RXN_p	-0.04173951741653229=4.933
ACETOOHBUTREDUCTOISOM_RXN_p	-0.005385744182785133=4.933
PREPHENATEDEHYDROG_RXN_p	0.0026928720913925687=4.933
3_ISOPROPYLMALDEHYDROG_RXN_p	0.005385744182785134=4.933
GLUTAMATE_SYNTHASE_NADH_RXN_p	-2.158369698327628=4.933
PYRUVDEH_RXN_p	0.00852742828941038=4.933
RXN_8001_p	0.0035904961218567568=4.933
MALATE_DEH_RXN_p	0.6417783621491264=4.933
0.6417783621491264
PGLYCDEHYDROG_RXN_p	0.04734966760693432=5.574778362149126
GAPOXNPHOSPHN_RXN_p	1.4490451278861232=5.574778362149126
Extra NADPH flux =5.574778362149126

ODE ATPase 2.739
FBA ATPase 2.894
ODE NADPHox 4.933
FBA NADPHox 5.575
Loop 3
Arabidopsis thaliana

