Loop 0
Solanum nigrum

ans =

   2.1366e-05


ERROR:cobra.io.sbml:No objective coefficients in model. Unclear what should be optimized
   Light intensity       Vc      Vo      VPGA    VT3P  Vstarch  Vt_glycerate  Vt_glycolate       A_slope  Max_Meta_slope
0              500  23.0604  7.7829  0.013793  5.4782  0.44882        3.8914        7.7829  7.016500e-09        0.000021
No more input.
Sucrose export rate =-0.8568923211273818
ADENYL_KIN_RXN_p	-0.016566584875129475=0.0
ARGSUCCINSYN_RXN_p	-0.003998830831927782=0.0
CARBAMATE_KINASE_RXN_p	-0.003998830831927782=0.0
HOMOSERKIN_RXN_p	-0.019422892612221618=0.0
ACETYLGLUTKIN_RXN_p	-0.003998830831927783=0.0
SULFATE_ADENYLYLTRANS_RXN_p	-0.0028563077370922373=0.0
PRPPSYN_RXN_p	-0.007712030890146436=0.0
ASPARTATEKIN_RXN_p	-0.024849877312646266=0.0
PEPDEPHOS_RXN_p	0.041130831414066066=0.0
GLUTAMINESYN_RXN_p	-4.299902006404101=0.0
SHIKIMATE_KINASE_RXN_p	-0.014567169459165492=0.0
ATPPHOSPHORIBOSYLTRANS_RXN_p	-0.001999415415963891=0.0
PHOSGLYPHOS_RXN_p	1.7043808283922401=0.0
ATP_ADP_Pi_pc	2.6563605328119118=0.0
2.6563605328119118
GDPKIN_RXN_p	-0.0019994154159638914=2.6563605328119118
Extra APTase flux =2.6563605328119118
ACETOOHBUTREDUCTOISOM_RXN_p	-0.0062838770216008=0.0
GLU6PDEHYDROG_RXN_p	0.9590586754298833=0.0
6PGLUCONDEHYDROG_RXN_p	0.9590586754298834=0.0
GLUTATHIONE_REDUCT_NADPH_RXN_p	-0.002856307737092237=0.0
ACETOLACTREDUCTOISOM_RXN_p	-0.014281538685456362=0.0
SHIKIMATE_5_DEHYDROGENASE_RXN_p	-0.01456716945916549=0.0
1_PERIOD_18_PERIOD_1_PERIOD_2_RXN_p	-1.273341989195291=0.0
NADPHoxp_tx	-0.5822222222222222=0.0
RXN_5682_p	0.004284461605636909=0.0
N_ACETYLGLUTPREDUCT_RXN_p	-0.003998830831927783=0.0
ASPARTATE_SEMIALDEHYDE_DEHYDROGENASE_RXN_p	-0.024849877312646266=0.0
HOMOSERDEHYDROG_RXN_NAD_p	-0.01942289261222162=0.0
PGLYCDEHYDROG_RXN_p	0.04422276992486759=0.0
PYRUVDEH_RXN_p	0.009425815532402163=0.0
DIHYDROPICRED_RXN_NAD_p	-0.00542698470042464=0.0
RXN_8001_p	0.003998830831927773=0.0
3_ISOPROPYLMALDEHYDROG_RXN_p	0.006569507795309929=0.0
MALATE_DEH_RXN_p	2.454755206573259=0.0
2.454755206573259
GLUTAMATE_SYNTHASE_NADH_RXN_p	-4.1985030817373605=2.454755206573259
GAPOXNPHOSPHN_RXN_p	1.7043808283922401=2.454755206573259
Extra NADPH flux =2.454755206573259

ODE ATPase 0.0
FBA ATPase 2.656
ODE NADPHox 0.0
FBA NADPHox 2.455
Loop 1
Solanum nigrum

ans =

   9.0571e-05

[Warning: ODE model does not reach a steady state: The 1st time ] 
[> In Sim_Ephotosynthesis (line 22)
  In wrapped_Sim_Ephotosynthesis_ac091863_6464_4ec7_bfae_797acf9f (line 97)] 

ERROR:cobra.io.sbml:No objective coefficients in model. Unclear what should be optimized
   Light intensity       Vc      Vo      VPGA    VT3P  Vstarch  Vt_glycerate  Vt_glycolate       A_slope  Max_Meta_slope
0              500  22.6473  7.6435  0.013583  5.4224   0.4196        3.8217        7.6435  2.204400e-09        0.000018
No more input.
Sucrose export rate =-0.9586548347557221
ACETYLGLUTKIN_RXN_p	-0.00447372256219337=2.656
SULFATE_ADENYLYLTRANS_RXN_p	-0.003195516115851694=2.656
GLUTAMINESYN_RXN_p	-4.278708804567079=2.656
ATPPHOSPHORIBOSYLTRANS_RXN_p	-0.002236861281096686=2.656
ATP_source_from_ODE	2.656=2.656
GDPKIN_RXN_p	-0.0022368612810966864=2.656
SHIKIMATE_KINASE_RXN_p	-0.01629713219084727=2.656
ADENYL_KIN_RXN_p	-0.01853399347194947=2.656
PEPDEPHOS_RXN_p	0.04601543206808505=2.656
ARGSUCCINSYN_RXN_p	-0.0044737225621933685=2.656
CARBAMATE_KINASE_RXN_p	-0.0044737225621933685=2.656
ATP_ADP_Pi_pc	0.13271093673505963=2.656
0.13271093673505963
HOMOSERKIN_RXN_p	-0.02172950958779565=2.7887109367350598
ASPARTATEKIN_RXN_p	-0.02780099020773561=2.7887109367350598
PRPPSYN_RXN_p	-0.0086278935128015=2.7887109367350598
PHOSGLYPHOS_RXN_p	1.5580623610996813=2.7887109367350598
Extra APTase flux =2.7887109367350598
GLUTATHIONE_REDUCT_NADPH_RXN_p	-0.003195516115851693=2.455
NADPHoxp_tx	-0.5822222222222222=2.455
DIHYDROPICRED_RXN_NADP_p	-0.0060714806199399455=2.455
1_PERIOD_18_PERIOD_1_PERIOD_2_RXN_p	-1.7702017104592824=2.455
ACETOLACTREDUCTOISOM_RXN_p	-0.015977580579262032=2.455
NADPH_source_from_ODE	2.455=2.455
HOMOSERDEHYDROG_RXN_NADP_p	-0.02172950958779807=2.455
SHIKIMATE_5_DEHYDROGENASE_RXN_p	-0.016297132190847274=2.455
N_ACETYLGLUTPREDUCT_RXN_p	-0.004473722562193371=2.455
ASPARTATE_SEMIALDEHYDE_DEHYDROGENASE_RXN_p	-0.027800990207735608=2.455
ACETOOHBUTREDUCTOISOM_RXN_p	-0.007030135454875295=2.455
3_ISOPROPYLMALDEHYDROG_RXN_p	0.0073496870664605364=2.455
RXN_8001_p	0.004473722562193368=2.455
GLUTAMATE_SYNTHASE_NADH_RXN_p	-3.8196273564420324=2.455
GAPOXNPHOSPHN_RXN_p	1.5580623610996571=2.455
MALATE_DEH_RXN_p	2.184922608562078=2.455
2.184922608562078
PGLYCDEHYDROG_RXN_p	0.049480499795524956=4.6399226085620775
PREPHENATEDEHYDROG_RXN_p	0.0047932741737786114=4.6399226085620775
PYRUVDEH_RXN_p	0.010545203182301118=4.6399226085620775
Extra NADPH flux =4.6399226085620775

ODE ATPase 2.656
FBA ATPase 2.789
ODE NADPHox 2.455
FBA NADPHox 4.64
Loop 2
Solanum nigrum

ans =

   2.8781e-07


ERROR:cobra.io.sbml:No objective coefficients in model. Unclear what should be optimized
   Light intensity       Vc      Vo      VPGA    VT3P  Vstarch  Vt_glycerate  Vt_glycolate       A_slope  Max_Meta_slope
0              500  22.9746  7.7539  0.013754  5.4675  0.44234         3.877        7.7539  6.954200e-08    2.878100e-07
No more input.
Sucrose export rate =-1.0346044504276992
PRPPSYN_RXN_p	-0.009311440053849292=2.789
SULFATE_ADENYLYLTRANS_RXN_p	-0.0034486815014213973=2.789
SHIKIMATE_KINASE_RXN_p	-0.017588275657270884=2.789
GLUTAMINESYN_RXN_p	-4.370111454711544=2.789
HOMOSERKIN_RXN_p	-0.023451034209690247=2.789
PHOSGLYPHOS_RXN_p	1.2508254030071448=2.789
ASPARTATEKIN_RXN_p	-0.030003529054720156=2.789
PEPDEPHOS_RXN_p	0.2642268564125071=2.789
ATPPHOSPHORIBOSYLTRANS_RXN_p	-0.0024140770509979642=2.789
ACETYLGLUTKIN_RXN_p	-0.00482815410199593=2.789
ATP_source_from_ODE	2.789=2.789
GDPKIN_RXN_p	-0.002414077050997965=2.789
ADENYL_KIN_RXN_p	-0.02000235270826328=2.789
ARGSUCCINSYN_RXN_p	-0.0048281541019959285=2.789
ATP_ADP_Pi_pc	0.1891771248850894=2.789
0.1891771248850894
CARBAMATE_KINASE_RXN_p	-0.0048281541019959285=2.9781771248850895
Extra APTase flux =2.9781771248850895
DIHYDROPICRED_RXN_NADP_p	-0.006552494845029894=4.64
ACETOOHBUTREDUCTOISOM_RXN_p	-0.00758709930313646=4.64
HOMOSERDEHYDROG_RXN_NADP_p	-0.023451034209690247=4.64
NADPH_source_from_ODE	4.64=4.64
NADPHoxp_tx	-0.5822222222222222=4.64
GLUTATHIONE_REDUCT_NADPH_RXN_p	-0.0034486815014213965=4.64
ACETOLACTREDUCTOISOM_RXN_p	-0.01724340750712832=4.64
1_PERIOD_18_PERIOD_1_PERIOD_2_RXN_p	-3.9470751015973597=4.64
ASPARTATE_SEMIALDEHYDE_DEHYDROGENASE_RXN_p	-0.030003529054720156=4.64
SHIKIMATE_5_DEHYDROGENASE_RXN_p	-0.017588275657270884=4.64
N_ACETYLGLUTPREDUCT_RXN_p	-0.004828154101995931=4.64
PYRUVDEH_RXN_p	0.011380648954700423=4.64
GAPOXNPHOSPHN_RXN_p	1.2508254030071446=4.64
PGLYCDEHYDROG_RXN_p	0.05350456326441171=4.64
MALATE_DEH_RXN_p	0.5043866141154385=4.64
0.5043866141154385
RXN_8001_p	0.004828154101995929=5.144386614115438
PREPHENATEDEHYDROG_RXN_p	0.005173022252138496=5.144386614115438
GLUTAMATE_SYNTHASE_NADH_RXN_p	-1.8380303731491106=5.144386614115438
3_ISOPROPYLMALDEHYDROG_RXN_p	0.007931967453279027=5.144386614115438
Extra NADPH flux =5.144386614115438

ODE ATPase 2.789
FBA ATPase 2.978
ODE NADPHox 4.64
FBA NADPHox 5.144
Loop 3
Solanum nigrum

