Loop 0
Tropaeolum majus

ans =

   1.1745e-04

[Warning: ODE model does not reach a steady state: The 1st time ] 
[> In Sim_Ephotosynthesis (line 22)
  In wrapped_Sim_Ephotosynthesis_d3a24e93_a511_4263_853d_ca268fa8 (line 97)] 

ERROR:cobra.io.sbml:No objective coefficients in model. Unclear what should be optimized
   Light intensity      Vc      Vo      VPGA    VT3P  Vstarch  Vt_glycerate  Vt_glycolate       A_slope  Max_Meta_slope
0             1000  37.386  6.3089  0.017846  6.5937   2.3995        3.1544        6.3089  1.657000e-11        0.000001
No more input.
Sucrose export rate =-1.2973993816232479
HOMOSERKIN_RXN_p	-0.007456318285191086=0.0
ACETYLGLUTKIN_RXN_p	-0.0014912636570382225=0.0
CARBAMATE_KINASE_RXN_p	-0.001491263657038223=0.0
SHIKIMATE_KINASE_RXN_p	-0.006263307359560533=0.0
PHOSGLYPHOS_RXN_p	1.2456639817873567=0.0
PRPPSYN_RXN_p	-0.003131653679780263=0.0
ARGSUCCINSYN_RXN_p	-0.0014912636570382225=0.0
ADENYL_KIN_RXN_p	-0.006412433725263156=0.0
PEPDEPHOS_RXN_p	0.018789922073254445=0.0
ATP_ADP_Pi_pc	2.1381364462888426=0.0
2.1381364462888426
SULFATE_ADENYLYLTRANS_RXN_p	-0.000745631828519108=2.1381364462888426
GLUTAMINESYN_RXN_p	-3.3498521410667226=2.1381364462888426
GLY3KIN_RXN_p	-0.011728458519607448=2.1381364462888426
GDPKIN_RXN_p	-0.0010438845599267527=2.1381364462888426
ATPPHOSPHORIBOSYLTRANS_RXN_p	-0.0010438845599267527=2.1381364462888426
ASPARTATEKIN_RXN_p	-0.010438845593842377=2.1381364462888426
Extra APTase flux =2.1381364462888426
PREPHENATE_DEHYDROGENASE_NADP_RXN_p	0.0020877691198535105=0.0
ACETOOHBUTREDUCTOISOM_RXN_p	-0.0019386427541496808=0.0
ACETOLACTREDUCTOISOM_RXN_p	-0.006263307359560519=0.0
N_ACETYLGLUTPREDUCT_RXN_p	-0.0014912636570382225=0.0
NADPHoxp_tx	-0.8544444444444445=0.0
1_PERIOD_18_PERIOD_1_PERIOD_2_RXN_p	-0.0022368954855573235=0.0
GLU6PDEHYDROG_RXN_p	0.4408672846814094=0.0
GLUTATHIONE_REDUCT_NADPH_RXN_p	-0.000745631828519108=0.0
SHIKIMATE_5_DEHYDROGENASE_RXN_p	-0.0062633073595605325=0.0
6PGLUCONDEHYDROG_RXN_p	0.4408672846814094=0.0
ASPARTATE_SEMIALDEHYDE_DEHYDROGENASE_RXN_p	-0.010438845593842377=0.0
PYRUVDEH_RXN_p	0.004175538239707011=0.0
GLUTAMATE_SYNTHASE_NADH_RXN_p	-3.34090455912449=0.0
GAPOXNPHOSPHN_RXN_p	1.2456639817873567=0.0
RXN_8001_p	0.002087769119853505=0.0
MALATE_DEH_RXN_p	2.0959862091602304=0.0
2.0959862091602304
HOMOSERDEHYDROG_RXN_NAD_p	-0.007456318285191086=2.0959862091602304
3_ISOPROPYLMALDEHYDROG_RXN_p	0.0034299064111879022=2.0959862091602304
DIHYDROPICRED_RXN_NAD_p	-0.0029825273086512916=2.0959862091602304
Extra NADPH flux =2.0959862091602304

ODE ATPase 0.0
FBA ATPase 2.138
ODE NADPHox 0.0
FBA NADPHox 2.096
Loop 1
Tropaeolum majus

ans =

   6.4374e-06


ERROR:cobra.io.sbml:No objective coefficients in model. Unclear what should be optimized
   Light intensity      Vc      Vo      VPGA    VT3P  Vstarch  Vt_glycerate  Vt_glycolate       A_slope  Max_Meta_slope
0             1000  37.324  6.2984  0.018285  6.6612   2.3561        3.1492        6.2984  1.177400e-10        0.000006
No more input.
Sucrose export rate =-1.4174884227435933
PEPDEPHOS_RXN_p	0.03328857510045703=2.138
ATP_ADP_Pi_pc	0.25750519906145863=2.138
0.25750519906145863
ARGSUCCINSYN_RXN_p	-0.0016292970376363212=2.3955051990614584
GDPKIN_RXN_p	-0.0011405079263424947=2.3955051990614584
ACETYLGLUTKIN_RXN_p	-0.0016292970376363212=2.3955051990614584
ADENYL_KIN_RXN_p	-0.007005977261832909=2.3955051990614584
ASPARTATEKIN_RXN_p	-0.024164511689693538=2.3955051990614584
HOMOSERKIN_RXN_p	-0.008146485188181576=2.3955051990614584
SHIKIMATE_KINASE_RXN_p	-0.006843047558072547=2.3955051990614584
ATPPHOSPHORIBOSYLTRANS_RXN_p	-0.0011405079263454214=2.3955051990614584
PRPPSYN_RXN_p	-0.003421523779033342=2.3955051990614584
SULFATE_ADENYLYLTRANS_RXN_p	-0.0008146485188181572=2.3955051990614584
GLUTAMINESYN_RXN_p	-3.349929395036526=2.3955051990614584
PHOSGLYPHOS_RXN_p	0.9787007218358285=2.3955051990614584
CARBAMATE_KINASE_RXN_p	-0.0016292970376363216=2.3955051990614584
ATP_source_from_ODE	2.138=2.3955051990614584
Extra APTase flux =2.3955051990614584
N_ACETYLGLUTPREDUCT_RXN_p	-0.0016292970376363212=2.096
NADPHoxp_tx	-0.8544444444444445=2.096
ACETOOHBUTREDUCTOISOM_RXN_p	-0.002118086148927208=2.096
GLUTATHIONE_REDUCT_NADPH_RXN_p	-0.0008146485188181571=2.096
ACETOLACTREDUCTOISOM_RXN_p	-0.006843047558072532=2.096
NADPH_source_from_ODE	2.096=2.096
HOMOSERDEHYDROG_RXN_NADP_p	-0.008146485188181576=2.096
1_PERIOD_18_PERIOD_1_PERIOD_2_RXN_p	-1.174978405354641=2.096
SHIKIMATE_5_DEHYDROGENASE_RXN_p	-0.006843047558072547=2.096
ASPARTATE_SEMIALDEHYDE_DEHYDROGENASE_RXN_p	-0.02416451168969354=2.096
DIHYDROPICRED_RXN_NADP_p	-0.016018026501511965=2.096
PYRUVDEH_RXN_p	0.0045620317053816865=2.096
RXN_8001_p	0.0022810158526908432=2.096
PREPHENATEDEHYDROG_RXN_p	0.002281015852690849=2.096
GLUTAMATE_SYNTHASE_NADH_RXN_p	-2.167619153012527=2.096
MALATE_DEH_RXN_p	1.1760469845791248=2.096
1.1760469845791248
3_ISOPROPYLMALDEHYDROG_RXN_p	0.0037473831865635298=3.272046984579125
GAPOXNPHOSPHN_RXN_p	0.9787007218358286=3.272046984579125
Extra NADPH flux =3.272046984579125

ODE ATPase 2.138
FBA ATPase 2.396
ODE NADPHox 2.096
FBA NADPHox 3.272
Loop 2
Tropaeolum majus

ans =

   1.6659e-05


ERROR:cobra.io.sbml:No objective coefficients in model. Unclear what should be optimized
   Light intensity       Vc      Vo      VPGA    VT3P  Vstarch  Vt_glycerate  Vt_glycolate       A_slope  Max_Meta_slope
0             1000  37.3205  6.2978  0.018311  6.6651   2.3536        3.1489        6.2978  1.561700e-10        0.000017
No more input.
Sucrose export rate =-1.4636416247997326
ARGSUCCINSYN_RXN_p	-0.0016823466951721138=2.396
GLY3KIN_RXN_p	-0.013174877524813935=2.396
GDPKIN_RXN_p	-0.0011776426866204764=2.396
ATP_ADP_Pi_pc	0.23102261554442802=2.396
0.23102261554442802
ADENYL_KIN_RXN_p	-0.007234090789236649=2.627022615544428
PHOSGLYPHOS_RXN_p	0.7805592181084455=2.627022615544428
ACETYLGLUTKIN_RXN_p	-0.001682346695172114=2.627022615544428
HOMOSERKIN_RXN_p	-0.008411733475857108=2.627022615544428
PEPDEPHOS_RXN_p	0.02119756839092661=2.627022615544428
ATP_source_from_ODE	2.396=2.627022615544428
ATPPHOSPHORIBOSYLTRANS_RXN_p	-0.001177642686620476=2.627022615544428
ASPARTATEKIN_RXN_p	-0.011776426897959427=2.627022615544428
PRPPSYN_RXN_p	-0.003532928059861434=2.627022615544428
CARBAMATE_KINASE_RXN_p	-0.001682346695172114=2.627022615544428
SULFATE_ADENYLYLTRANS_RXN_p	-0.0008411733475826244=2.627022615544428
GLUTAMINESYN_RXN_p	-3.369339990370007=2.627022615544428
SHIKIMATE_KINASE_RXN_p	-0.007065856119722876=2.627022615544428
Extra APTase flux =2.627022615544428
SHIKIMATE_5_DEHYDROGENASE_RXN_p	-0.007065856119722875=3.272
NADPH_source_from_ODE	3.272=3.272
ACETOOHBUTREDUCTOISOM_RXN_p	-0.0021870507037237384=3.272
GLUTATHIONE_REDUCT_NADPH_RXN_p	-0.0008411733475826245=3.272
N_ACETYLGLUTPREDUCT_RXN_p	-0.0016823466951721138=3.272
ACETOLACTREDUCTOISOM_RXN_p	-0.007065856119722857=3.272
1_PERIOD_18_PERIOD_1_PERIOD_2_RXN_p	-2.3751604187737123=3.272
DIHYDROPICRED_RXN_NADP_p	-0.0033646934221023164=3.272
NADPHoxp_tx	-0.8544444444444445=3.272
HOMOSERDEHYDROG_RXN_NADP_p	-0.008411733475857108=3.272
ASPARTATE_SEMIALDEHYDE_DEHYDROGENASE_RXN_p	-0.011776426897959429=3.272
GLUTAMATE_SYNTHASE_NADH_RXN_p	-0.9866090114680098=3.272
PYRUVDEH_RXN_p	0.004710570746478475=3.272
MALATE_DEH_RXN_p	0.19275925446770825=3.272
0.19275925446770825
3_ISOPROPYLMALDEHYDROG_RXN_p	0.0038693973988958514=3.464759254467708
RXN_8001_p	0.002355285373240952=3.464759254467708
GAPOXNPHOSPHN_RXN_p	0.7805592181084455=3.464759254467708
PREPHENATEDEHYDROG_RXN_p	0.0023552853732409585=3.464759254467708
Extra NADPH flux =3.464759254467708

ODE ATPase 2.396
FBA ATPase 2.627
ODE NADPHox 3.272
FBA NADPHox 3.465
Loop 3
Tropaeolum majus

