Loop 0
Chenopodium album

ans =

   2.1366e-05


ERROR:cobra.io.sbml:No objective coefficients in model. Unclear what should be optimized
   Light intensity       Vc      Vo      VPGA    VT3P  Vstarch  Vt_glycerate  Vt_glycolate       A_slope  Max_Meta_slope
0              500  23.0604  7.7829  0.013793  5.4782  0.44882        3.8914        7.7829  7.016500e-09        0.000021
No more input.
Sucrose export rate =-0.878973788787857
PEPDEPHOS_RXN_p	0.042239573739030714=0.0
ASPARTATEKIN_RXN_p	-0.022950982262851794=0.0
SULFATE_ADENYLYLTRANS_RXN_p	-0.0029299126292914404=0.0
PHOSGLYPHOS_RXN_p	1.6543547917334058=0.0
GLUTAMINESYN_RXN_p	-4.240964160735999=0.0
ACETYLGLUTKIN_RXN_p	-0.002929912629292854=0.0
GDPKIN_RXN_p	-0.001220796928872023=0.0
ATP_ADP_Pi_pc	2.634220449228597=0.0
2.634220449228597
CARBAMATE_KINASE_RXN_p	-0.0029299126292928537=2.634220449228597
PRPPSYN_RXN_p	-0.008057259730555358=2.634220449228597
ARGSUCCINSYN_RXN_p	-0.0029299126292928533=2.634220449228597
ADENYL_KIN_RXN_p	-0.015137881918012004=2.634220449228597
SHIKIMATE_KINASE_RXN_p	-0.01269628806026904=2.634220449228597
ATPPHOSPHORIBOSYLTRANS_RXN_p	-0.001220796928872023=2.634220449228597
HOMOSERKIN_RXN_p	-0.016846997618432516=2.634220449228597
Extra APTase flux =2.634220449228597
SHIKIMATE_5_DEHYDROGENASE_RXN_p	-0.012696288060269043=0.0
GLUTATHIONE_REDUCT_NADPH_RXN_p	-0.002929912629291441=0.0
1_PERIOD_18_PERIOD_1_PERIOD_2_RXN_p	-1.0657557189052638=0.0
6PGLUCONDEHYDROG_RXN_p	0.8532880968567024=0.0
N_ACETYLGLUTPREDUCT_RXN_p	-0.002929912629292854=0.0
GLU6PDEHYDROG_RXN_p	0.8532880968567025=0.0
ACETOLACTREDUCTOISOM_RXN_p	-0.01489372253223869=0.0
PREPHENATE_DEHYDROGENASE_NADP_RXN_p	0.003662390786616069=0.0
NADPHoxp_tx	-0.5822222222222222=0.0
ACETOOHBUTREDUCTOISOM_RXN_p	-0.005859825258585719=0.0
ASPARTATE_SEMIALDEHYDE_DEHYDROGENASE_RXN_p	-0.022950982262851794=0.0
3_ISOPROPYLMALDEHYDROG_RXN_p	0.007324781573232137=0.0
GLUTAMATE_SYNTHASE_NADH_RXN_p	-4.154287578786085=0.0
HOMOSERDEHYDROG_RXN_NAD_p	-0.016846997618432516=0.0
RXN_8001_p	0.002441593857744046=0.0
MALATE_DEH_RXN_p	2.473247334310382=0.0
2.473247334310382
PYRUVDEH_RXN_p	0.01025469420252358=2.473247334310382
GAPOXNPHOSPHN_RXN_p	1.654354791733406=2.473247334310382
PGLYCDEHYDROG_RXN_p	0.02961536537164862=2.473247334310382
DIHYDROPICRED_RXN_NAD_p	-0.00610398464441928=2.473247334310382
Extra NADPH flux =2.473247334310382

ODE ATPase 0.0
FBA ATPase 2.634
ODE NADPHox 0.0
FBA NADPHox 2.473
Loop 1
Chenopodium album

ans =

   6.6955e-05

[Warning: ODE model does not reach a steady state: The 1st time ] 
[> In Sim_Ephotosynthesis (line 22)
  In wrapped_Sim_Ephotosynthesis_9d4e2478_4fb8_49f8_b067_a34a5e9c (line 97)] 

ERROR:cobra.io.sbml:No objective coefficients in model. Unclear what should be optimized
   Light intensity       Vc      Vo      VPGA    VT3P  Vstarch  Vt_glycerate  Vt_glycolate       A_slope  Max_Meta_slope
0              500  22.5664  7.6162  0.013538  5.4108  0.41419        3.8081        7.6162  1.161400e-09    5.554300e-07
No more input.
Sucrose export rate =-0.9810398590198295
PHOSGLYPHOS_RXN_p	1.4603886639895032=2.634
PEPDEPHOS_RXN_p	0.047144415446125486=2.634
SHIKIMATE_KINASE_RXN_p	-0.014170575741397531=2.634
ATP_ADP_Pi_pc	0.15695059453832488=2.634
0.15695059453832488
ARGSUCCINSYN_RXN_p	-0.003270132863399428=2.790950594538325
SULFATE_ADENYLYLTRANS_RXN_p	-0.003270132863402048=2.790950594538325
HOMOSERKIN_RXN_p	-0.01880326396454935=2.790950594538325
PRPPSYN_RXN_p	-0.008992865374348437=2.790950594538325
ACETYLGLUTKIN_RXN_p	-0.003270132863399428=2.790950594538325
ATP_source_from_ODE	2.634=2.790950594538325
ATPPHOSPHORIBOSYLTRANS_RXN_p	-0.0013625553597497618=2.790950594538325
GLUTAMINESYN_RXN_p	-4.1981995994975785=2.790950594538325
CARBAMATE_KINASE_RXN_p	-0.0032701328633994286=2.790950594538325
GDPKIN_RXN_p	-0.0013625553597497618=2.790950594538325
ASPARTATEKIN_RXN_p	-0.025616040762080714=2.790950594538325
ADENYL_KIN_RXN_p	-0.016895686460899676=2.790950594538325
Extra APTase flux =2.790950594538325
GLUTATHIONE_REDUCT_NADPH_RXN_p	-0.003270132863402049=2.473
DIHYDROPICRED_RXN_NADP_p	-0.0068127767975313626=2.473
N_ACETYLGLUTPREDUCT_RXN_p	-0.0032701328633994286=2.473
ACETOLACTREDUCTOISOM_RXN_p	-0.016623175388947115=2.473
NADPHoxp_tx	-0.5822222222222222=2.473
NADPH_source_from_ODE	2.473=2.473
SHIKIMATE_5_DEHYDROGENASE_RXN_p	-0.014170575741397533=2.473
1_PERIOD_18_PERIOD_1_PERIOD_2_RXN_p	-1.7956714136696708=2.473
HOMOSERDEHYDROG_RXN_NADP_p	-0.018803263964549347=2.473
ACETOOHBUTREDUCTOISOM_RXN_p	-0.0065402657267988685=2.473
ASPARTATE_SEMIALDEHYDE_DEHYDROGENASE_RXN_p	-0.025616040762080714=2.473
PYRUVDEH_RXN_p	0.011445465021900624=2.473
GLUTAMATE_SYNTHASE_NADH_RXN_p	-3.495297584347231=2.473
PREPHENATEDEHYDROG_RXN_p	0.004087666079249288=2.473
MALATE_DEH_RXN_p	1.9753652511378754=2.473
1.9753652511378754
GAPOXNPHOSPHN_RXN_p	1.4603886639895032=4.448365251137876
RXN_8001_p	0.002725110719499524=4.448365251137876
PGLYCDEHYDROG_RXN_p	0.033110095240704636=4.448365251137876
3_ISOPROPYLMALDEHYDROG_RXN_p	0.008175332158498576=4.448365251137876
Extra NADPH flux =4.448365251137876

ODE ATPase 2.634
FBA ATPase 2.791
ODE NADPHox 2.473
FBA NADPHox 4.448
Loop 2
Chenopodium album

ans =

   6.2738e-09


ERROR:cobra.io.sbml:No objective coefficients in model. Unclear what should be optimized
   Light intensity       Vc      Vo      VPGA    VT3P  Vstarch  Vt_glycerate  Vt_glycolate       A_slope  Max_Meta_slope
0              500  22.8042  7.6964  0.013666  5.4443  0.43035        3.8482        7.6964  1.502700e-11    6.273800e-09
No more input.
Sucrose export rate =-1.0504726230162804
ARGSUCCINSYN_RXN_p	-0.0035015754100542647=2.791
ATP_ADP_Pi_pc	0.19431999925648338=2.791
0.19431999925648338
CARBAMATE_KINASE_RXN_p	-0.003501575410054265=2.9853199992564834
PRPPSYN_RXN_p	-0.009629332377649241=2.9853199992564834
HOMOSERKIN_RXN_p	-0.020134058607810902=2.9853199992564834
PEPDEPHOS_RXN_p	0.22608343776587406=2.9853199992564834
GDPKIN_RXN_p	-0.001458989754189277=2.9853199992564834
SULFATE_ADENYLYLTRANS_RXN_p	-0.0035015754100531206=2.9853199992564834
ASPARTATEKIN_RXN_p	-0.027429007362285342=2.9853199992564834
ADENYL_KIN_RXN_p	-0.0180914729519455=2.9853199992564834
ATP_source_from_ODE	2.791=2.9853199992564834
ACETYLGLUTKIN_RXN_p	-0.003501575410054265=2.9853199992564834
GLUTAMINESYN_RXN_p	-4.265908766640866=2.9853199992564834
ATPPHOSPHORIBOSYLTRANS_RXN_p	-0.001458989754189277=2.9853199992564834
PHOSGLYPHOS_RXN_p	1.1618869755103611=2.9853199992564834
SHIKIMATE_KINASE_RXN_p	-0.01517349344356849=2.9853199992564834
Extra APTase flux =2.9853199992564834
GLUTATHIONE_REDUCT_NADPH_RXN_p	-0.0035015754100531215=4.448
SHIKIMATE_5_DEHYDROGENASE_RXN_p	-0.01517349344356849=4.448
NADPH_source_from_ODE	4.448=4.448
ASPARTATE_SEMIALDEHYDE_DEHYDROGENASE_RXN_p	-0.027429007362285346=4.448
ACETOOHBUTREDUCTOISOM_RXN_p	-0.007003150820108542=4.448
N_ACETYLGLUTPREDUCT_RXN_p	-0.0035015754100542647=4.448
DIHYDROPICRED_RXN_NADP_p	-0.0072949487544744455=4.448
1_PERIOD_18_PERIOD_1_PERIOD_2_RXN_p	-3.7639402929683135=4.448
NADPHoxp_tx	-0.5822222222222222=4.448
ACETOLACTREDUCTOISOM_RXN_p	-0.017799675001109194=4.448
HOMOSERDEHYDROG_RXN_NADP_p	-0.020134058607810902=4.448
GLUTAMATE_SYNTHASE_NADH_RXN_p	-1.6720782565323578=4.448
PGLYCDEHYDROG_RXN_p	0.035453451010325265=4.448
PREPHENATEDEHYDROG_RXN_p	0.0043769692625678334=4.448
MALATE_DEH_RXN_p	0.4464334287803972=4.448
0.4464334287803972
PYRUVDEH_RXN_p	0.012255513935188785=4.894433428780397
GAPOXNPHOSPHN_RXN_p	1.1618869755103611=4.894433428780397
3_ISOPROPYLMALDEHYDROG_RXN_p	0.008753938525135665=4.894433428780397
RXN_8001_p	0.0029179795083785574=4.894433428780397
Extra NADPH flux =4.894433428780397

ODE ATPase 2.791
FBA ATPase 2.985
ODE NADPHox 4.448
FBA NADPHox 4.894
Loop 3
Chenopodium album

