Loop 0

ans =

   2.7830e-06


ERROR:cobra.io.sbml:No objective coefficients in model. Unclear what should be optimized
   Light intensity       Vc      Vo      VPGA    VT3P  Vstarch  Vt_glycerate  Vt_glycolate       A_slope  Max_Meta_slope
0             1000  27.7194  9.3553  0.010408  5.0051   1.3325        4.6776        9.3553  1.658500e-11        0.000003
No more input.
Sucrose export rate =-0.72490313814523
ATP_ADP_Pi_pc	3.1440750693394173=0.0
3.1440750693394173
GLUTAMINESYN_RXN_p	-5.023187162515956=3.1440750693394173
PEPDEPHOS_RXN_p	0.034795350630907=3.1440750693394173
SULFATE_ADENYLYLTRANS_RXN_p	-0.002416343793815053=3.1440750693394173
ATPPHOSPHORIBOSYLTRANS_RXN_p	-0.0016914406556722025=3.1440750693394173
PHOSGLYPHOS_RXN_p	1.9305802159848398=3.1440750693394173
PRPPSYN_RXN_p	-0.006524128243307071=3.1440750693394173
ACETYLGLUTKIN_RXN_p	-0.0033828813113444063=3.1440750693394173
ADENYL_KIN_RXN_p	-0.014014794004137767=3.1440750693394173
ARGSUCCINSYN_RXN_p	-0.003382881311344406=3.1440750693394173
SHIKIMATE_KINASE_RXN_p	-0.012323353348468909=3.1440750693394173
GDPKIN_RXN_p	-0.0016914406556722034=3.1440750693394173
ASPARTATEKIN_RXN_p	-0.02102219100614517=3.1440750693394173
CARBAMATE_KINASE_RXN_p	-0.003382881311344406=3.1440750693394173
HOMOSERKIN_RXN_p	-0.01643113779795616=3.1440750693394173
Extra APTase flux =3.1440750693394173
SHIKIMATE_5_DEHYDROGENASE_RXN_p	-0.012323353348468909=0.0
N_ACETYLGLUTPREDUCT_RXN_p	-0.0033828813113444076=0.0
ACETOLACTREDUCTOISOM_RXN_p	-0.012081718969087166=0.0
1_PERIOD_18_PERIOD_1_PERIOD_2_RXN_p	-0.007249031381445156=0.0
NADPHoxp_tx	-0.8544444444444445=0.0
ASPARTATE_SEMIALDEHYDE_DEHYDROGENASE_RXN_p	-0.021022191006145167=0.0
GLUTATHIONE_REDUCT_NADPH_RXN_p	-0.0024163437938150524=0.0
6PGLUCONDEHYDROG_RXN_p	0.45730570245521=0.0
ACETOOHBUTREDUCTOISOM_RXN_p	-0.005315956346398353=0.0
PREPHENATE_DEHYDROGENASE_NADP_RXN_p	0.0036245156907261495=0.0
GLU6PDEHYDROG_RXN_p	0.4573057024552099=0.0
3_ISOPROPYLMALDEHYDROG_RXN_p	0.005557590725780097=0.0
HOMOSERDEHYDROG_RXN_NAD_p	-0.016431137797956165=0.0
MALATE_DEH_RXN_p	2.973531197495918=0.0
2.973531197495918
RXN_8001_p	0.003382881311344412=2.973531197495918
GLUTAMATE_SYNTHASE_NADH_RXN_p	-4.937406957835437=2.973531197495918
PGLYCDEHYDROG_RXN_p	0.0374033288041027=2.973531197495918
GAPOXNPHOSPHN_RXN_p	1.9305802159848398=2.973531197495918
DIHYDROPICRED_RXN_NAD_p	-0.004591053208188998=2.973531197495918
PYRUVDEH_RXN_p	0.007973934519595148=2.973531197495918
Extra NADPH flux =2.973531197495918

ODE ATPase 0.0
FBA ATPase 3.1441
ODE NADPHox 0.0
FBA NADPHox 2.9735
Loop 1

ans =

   5.9180e-04

[Warning: ODE model does not reach a steady state: The 1st time ] 
[> In Sim_Ephotosynthesis (line 22)
  In wrapped_Sim_Ephotosynthesis_4be2c624_5173_463a_b1be_1fddd9c0 (line 97)] 

ERROR:cobra.io.sbml:No objective coefficients in model. Unclear what should be optimized
   Light intensity       Vc      Vo      VPGA    VT3P  Vstarch  Vt_glycerate  Vt_glycolate       A_slope  Max_Meta_slope
0             1000  27.6959  9.3474  0.010466  5.0168   1.3234        4.6737        9.3474  5.849000e-12        0.000002
No more input.
Sucrose export rate =-0.8629931912724462
SULFATE_ADENYLYLTRANS_RXN_p	-0.0028766439709086576=3.1441
ADENYL_KIN_RXN_p	-0.01668453503126806=3.1441
GDPKIN_RXN_p	-0.002013650779635708=3.1441
SHIKIMATE_KINASE_RXN_p	-0.014670884251631586=3.1441
ASPARTATEKIN_RXN_p	-0.02502680254682875=3.1441
CARBAMATE_KINASE_RXN_p	-0.004027301559271415=3.1441
ATP_source_from_ODE	3.1441=3.1441
ATP_ADP_Pi_pc	0.5507769840439816=3.1441
0.5507769840439816
HOMOSERKIN_RXN_p	-0.01956117900217595=3.6948769840439812
PEPDEPHOS_RXN_p	0.041423673181014725=3.6948769840439812
ARGSUCCINSYN_RXN_p	-0.004027301559271415=3.6948769840439812
ATPPHOSPHORIBOSYLTRANS_RXN_p	-0.002013650779635707=3.6948769840439812
GLUTAMINESYN_RXN_p	-5.085060087839941=3.6948769840439812
PHOSGLYPHOS_RXN_p	1.4514556203762936=3.6948769840439812
ACETYLGLUTKIN_RXN_p	-0.004027301559271417=3.6948769840439812
PRPPSYN_RXN_p	-0.0077669387214520155=3.6948769840439812
Extra APTase flux =3.6948769840439812
DIHYDROPICRED_RXN_NADP_p	-0.00546562354465279=2.9735
NADPH_source_from_ODE	2.9735=2.9735
NADPHoxp_tx	-0.8544444444444445=2.9735
1_PERIOD_18_PERIOD_1_PERIOD_2_RXN_p	-2.0267152840895455=2.9735
ACETOOHBUTREDUCTOISOM_RXN_p	-0.006328616735997938=2.9735
N_ACETYLGLUTPREDUCT_RXN_p	-0.004027301559271417=2.9735
HOMOSERDEHYDROG_RXN_NADP_p	-0.01956117900217595=2.9735
ACETOLACTREDUCTOISOM_RXN_p	-0.014383219854540767=2.9735
SHIKIMATE_5_DEHYDROGENASE_RXN_p	-0.014670884251631586=2.9735
ASPARTATE_SEMIALDEHYDE_DEHYDROGENASE_RXN_p	-0.025026802546828746=2.9735
GLUTATHIONE_REDUCT_NADPH_RXN_p	-0.002876643970908657=2.9735
MALATE_DEH_RXN_p	1.444358799017869=2.9735
1.444358799017869
PYRUVDEH_RXN_p	0.00949292510399741=4.4178587990178695
3_ISOPROPYLMALDEHYDROG_RXN_p	0.006616281133088755=4.4178587990178695
RXN_8001_p	0.00402730155927142=4.4178587990178695
PREPHENATEDEHYDROG_RXN_p	0.004314965956362232=4.4178587990178695
GAPOXNPHOSPHN_RXN_p	1.4514556203762934=4.4178587990178695
PGLYCDEHYDROG_RXN_p	0.044587981549003786=4.4178587990178695
GLUTAMATE_SYNTHASE_NADH_RXN_p	-2.9648538746958812=4.4178587990178695
Extra NADPH flux =4.4178587990178695

ODE ATPase 3.1441
FBA ATPase 3.6949
ODE NADPHox 2.9735
FBA NADPHox 4.4179
Loop 2

ans =

   8.9146e-06


ERROR:cobra.io.sbml:No objective coefficients in model. Unclear what should be optimized
   Light intensity       Vc      Vo      VPGA    VT3P  Vstarch  Vt_glycerate  Vt_glycolate       A_slope  Max_Meta_slope
0             1000  27.6924  9.3462  0.010477  5.0191   1.3218        4.6731        9.3462  1.672100e-10        0.000009
No more input.
Sucrose export rate =-0.916846994635872
ARGSUCCINSYN_RXN_p	-0.004278619308300735=3.6949
HOMOSERKIN_RXN_p	-0.02078186521174298=3.6949
ACETYLGLUTKIN_RXN_p	-0.004278619308300736=3.6949
CARBAMATE_KINASE_RXN_p	-0.004278619308300735=3.6949
PEPDEPHOS_RXN_p	0.048144008315912507=3.6949
PRPPSYN_RXN_p	-0.00825162295172285=3.6949
ASPARTATEKIN_RXN_p	-0.026588562844628606=3.6949
SULFATE_ADENYLYLTRANS_RXN_p	-0.003056156648782788=3.6949
ATP_source_from_ODE	3.6949=3.6949
SHIKIMATE_KINASE_RXN_p	-0.015586398908809822=3.6949
GLUTAMINESYN_RXN_p	-5.110130400776236=3.6949
ATPPHOSPHORIBOSYLTRANS_RXN_p	-0.0021393096541503683=3.6949
PHOSGLYPHOS_RXN_p	1.1895733701407087=3.6949
ADENYL_KIN_RXN_p	-0.017725708562959113=3.6949
GDPKIN_RXN_p	-0.0021393096541503683=3.6949
ATP_ADP_Pi_pc	0.28661781468146186=3.6949
0.28661781468146186
Extra APTase flux =3.981517814681462
NADPH_source_from_ODE	4.4179=4.4179
SHIKIMATE_5_DEHYDROGENASE_RXN_p	-0.015586398908809824=4.4179
ACETOOHBUTREDUCTOISOM_RXN_p	-0.006723544627329729=4.4179
GLUTATHIONE_REDUCT_NADPH_RXN_p	-0.003056156648782787=4.4179
ACETOLACTREDUCTOISOM_RXN_p	-0.0152807832439312=4.4179
DIHYDROPICRED_RXN_NADP_p	-0.005806697632885618=4.4179
1_PERIOD_18_PERIOD_1_PERIOD_2_RXN_p	-3.4653529271291443=4.4179
HOMOSERDEHYDROG_RXN_NADP_p	-0.02078186521174298=4.4179
NADPHoxp_tx	-0.8544444444444445=4.4179
N_ACETYLGLUTPREDUCT_RXN_p	-0.004278619308300736=4.4179
ASPARTATE_SEMIALDEHYDE_DEHYDROGENASE_RXN_p	-0.026588562844628606=4.4179
PYRUVDEH_RXN_p	0.01008531694099114=4.4179
PGLYCDEHYDROG_RXN_p	0.04737042805637377=4.4179
3_ISOPROPYLMALDEHYDROG_RXN_p	0.0070291602922083534=4.4179
RXN_8001_p	0.004278619308300739=4.4179
PREPHENATEDEHYDROG_RXN_p	0.004584234973179361=4.4179
MALATE_DEH_RXN_p	0.282531252849768=4.4179
0.282531252849768
GAPOXNPHOSPHN_RXN_p	1.1895733701407087=4.700431252849769
GLUTAMATE_SYNTHASE_NADH_RXN_p	-1.5454523825615274=4.700431252849769
Extra NADPH flux =4.700431252849769

ODE ATPase 3.6949
FBA ATPase 3.9815
ODE NADPHox 4.4179
FBA NADPHox 4.7004
Loop 3

