Loop 0
Solanum nigrum

ans =

   1.1745e-04

[Warning: ODE model does not reach a steady state: The 1st time ] 
[> In Sim_Ephotosynthesis (line 22)
  In wrapped_Sim_Ephotosynthesis_7950bed5_7fa8_461c_b21a_5e5f2428 (line 97)] 

ERROR:cobra.io.sbml:No objective coefficients in model. Unclear what should be optimized
   Light intensity      Vc      Vo      VPGA    VT3P  Vstarch  Vt_glycerate  Vt_glycolate       A_slope  Max_Meta_slope
0             1000  37.386  6.3089  0.017846  6.5937   2.3995        3.1544        6.3089  1.657000e-11        0.000001
No more input.
Sucrose export rate =-1.0703060190904337
ATP_ADP_Pi_pc	1.909273749271819=0.0
1.909273749271819
SULFATE_ADENYLYLTRANS_RXN_p	-0.0035676867303014465=1.909273749271819
ACETYLGLUTKIN_RXN_p	-0.004994761422422026=1.909273749271819
PEPDEPHOS_RXN_p	0.051374688916419574=1.909273749271819
ADENYL_KIN_RXN_p	-0.02069258303574871=1.909273749271819
ASPARTATEKIN_RXN_p	-0.03103887455369382=1.909273749271819
PRPPSYN_RXN_p	-0.009632754171813902=1.909273749271819
CARBAMATE_KINASE_RXN_p	-0.004994761422422023=1.909273749271819
HOMOSERKIN_RXN_p	-0.02426026976604983=1.909273749271819
GLUTAMINESYN_RXN_p	-3.6646292024330354=1.909273749271819
ATPPHOSPHORIBOSYLTRANS_RXN_p	-0.0024973807112110115=1.909273749271819
PHOSGLYPHOS_RXN_p	1.8313471805166304=1.909273749271819
ARGSUCCINSYN_RXN_p	-0.004994761422422023=1.909273749271819
SHIKIMATE_KINASE_RXN_p	-0.018195202324537373=1.909273749271819
GDPKIN_RXN_p	-0.0024973807112110124=1.909273749271819
Extra APTase flux =1.909273749271819
GLU6PDEHYDROG_RXN_p	1.2615257641032511=0.0
SHIKIMATE_5_DEHYDROGENASE_RXN_p	-0.018195202324537373=0.0
6PGLUCONDEHYDROG_RXN_p	1.2615257641032513=0.0
ASPARTATE_SEMIALDEHYDE_DEHYDROGENASE_RXN_p	-0.03103887455369382=0.0
1_PERIOD_18_PERIOD_1_PERIOD_2_RXN_p	-1.5904747443683853=0.0
ACETOOHBUTREDUCTOISOM_RXN_p	-0.007848910806663181=0.0
PREPHENATE_DEHYDROGENASE_NADP_RXN_p	0.005351530095452169=0.0
GLUTATHIONE_REDUCT_NADPH_RXN_p	-0.0035676867303014452=0.0
ACETOLACTREDUCTOISOM_RXN_p	-0.017838433651507227=0.0
NADPHoxp_tx	-0.8544444444444445=0.0
N_ACETYLGLUTPREDUCT_RXN_p	-0.004994761422422025=0.0
PGLYCDEHYDROG_RXN_p	0.055249144319742545=0.0
DIHYDROPICRED_RXN_NAD_p	-0.006778604787643983=0.0
GLUTAMATE_SYNTHASE_NADH_RXN_p	-3.537976323507334=0.0
PYRUVDEH_RXN_p	0.011773366209994772=0.0
GAPOXNPHOSPHN_RXN_p	1.8313471805166301=0.0
HOMOSERDEHYDROG_RXN_NAD_p	-0.02426026976604983=0.0
RXN_8001_p	0.004994761422422026=0.0
3_ISOPROPYLMALDEHYDROG_RXN_p	0.008205679479693325=0.0
MALATE_DEH_RXN_p	1.6574450661125448=0.0
1.6574450661125448
Extra NADPH flux =1.6574450661125448

ODE ATPase 0.0
FBA ATPase 1.909
ODE NADPHox 0.0
FBA NADPHox 1.657
Loop 1
Solanum nigrum

ans =

   1.0278e-05


ERROR:cobra.io.sbml:No objective coefficients in model. Unclear what should be optimized
   Light intensity       Vc      Vo      VPGA    VT3P  Vstarch  Vt_glycerate  Vt_glycolate       A_slope  Max_Meta_slope
0             1000  37.3298  6.2994  0.018245  6.6551     2.36        3.1497        6.2994  6.261600e-09         0.00001
No more input.
Sucrose export rate =-1.159318881589965
ARGSUCCINSYN_RXN_p	-0.00541015478075317=1.909
SHIKIMATE_KINASE_RXN_p	-0.01970842098702941=1.909
GDPKIN_RXN_p	-0.0027050773903765854=1.909
CARBAMATE_KINASE_RXN_p	-0.00541015478075317=1.909
HOMOSERKIN_RXN_p	-0.026277894649368812=1.909
PRPPSYN_RXN_p	-0.010433869934309687=1.909
ATPPHOSPHORIBOSYLTRANS_RXN_p	-0.0027050773903765845=1.909
ATP_ADP_Pi_pc	0.10462151298688413=1.909
0.10462151298688413
GLUTAMINESYN_RXN_p	-3.7023086668910947=2.013621512986884
ASPARTATEKIN_RXN_p	-0.033620247566221416=2.013621512986884
ACETYLGLUTKIN_RXN_p	-0.005410154780753173=2.013621512986884
SULFATE_ADENYLYLTRANS_RXN_p	-0.003864396271962819=2.013621512986884
PEPDEPHOS_RXN_p	0.055647306316418135=2.013621512986884
PHOSGLYPHOS_RXN_p	1.7709987944970982=2.013621512986884
ATP_source_from_ODE	1.909=2.013621512986884
ADENYL_KIN_RXN_p	-0.022413498377397582=2.013621512986884
Extra APTase flux =2.013621512986884
ACETOOHBUTREDUCTOISOM_RXN_p	-0.00850167179832641=1.657
GLUTATHIONE_REDUCT_NADPH_RXN_p	-0.0038643962719628186=1.657
SHIKIMATE_5_DEHYDROGENASE_RXN_p	-0.019708420987029414=1.657
NADPH_source_from_ODE	1.657=1.657
ASPARTATE_SEMIALDEHYDE_DEHYDROGENASE_RXN_p	-0.033620247566221416=1.657
ACETOLACTREDUCTOISOM_RXN_p	-0.019321981359832756=1.657
RXN_5682_p	0.005796594407949825=1.657
NADPHoxp_tx	-0.8544444444444445=1.657
GLU6PDEHYDROG_RXN_p	0.5024112904216416=1.657
N_ACETYLGLUTPREDUCT_RXN_p	-0.0054101547807531725=1.657
1_PERIOD_18_PERIOD_1_PERIOD_2_RXN_p	-1.7227478580426665=1.657
6PGLUCONDEHYDROG_RXN_p	0.5024112904216417=1.657
RXN_8001_p	0.00541015478075317=1.657
PGLYCDEHYDROG_RXN_p	0.05989814221559245=1.657
DIHYDROPICRED_RXN_NAD_p	-0.007342352916852599=1.657
HOMOSERDEHYDROG_RXN_NAD_p	-0.026277894649368812=1.657
GLUTAMATE_SYNTHASE_NADH_RXN_p	-3.5651225992362816=1.657
3_ISOPROPYLMALDEHYDROG_RXN_p	0.008888111425523067=1.657
PYRUVDEH_RXN_p	0.012752507697485885=1.657
MALATE_DEH_RXN_p	1.7407951361860505=1.657
1.7407951361860505
GAPOXNPHOSPHN_RXN_p	1.770998794497098=3.3977951361860503
Extra NADPH flux =3.3977951361860503

ODE ATPase 1.909
FBA ATPase 2.014
ODE NADPHox 1.657
FBA NADPHox 3.398
Loop 2
Solanum nigrum

ans =

   1.0980e-06


ERROR:cobra.io.sbml:No objective coefficients in model. Unclear what should be optimized
   Light intensity       Vc      Vo      VPGA    VT3P  Vstarch  Vt_glycerate  Vt_glycolate       A_slope  Max_Meta_slope
0             1000  37.3343  6.3002  0.018217  6.6508   2.3629        3.1501        6.3002  3.428600e-10        0.000001
No more input.
Sucrose export rate =-1.216776164958429
ARGSUCCINSYN_RXN_p	-0.005678288769806001=2.014
CARBAMATE_KINASE_RXN_p	-0.005678288769806=2.014
PHOSGLYPHOS_RXN_p	1.6844857305030576=2.014
SHIKIMATE_KINASE_RXN_p	-0.020685194804293296=2.014
HOMOSERKIN_RXN_p	-0.027580259739056753=2.014
PRPPSYN_RXN_p	-0.010950985484625862=2.014
ASPARTATEKIN_RXN_p	-0.0352865087848167=2.014
SULFATE_ADENYLYLTRANS_RXN_p	-0.004055920549860458=2.014
PEPDEPHOS_RXN_p	0.05840525591902797=2.014
ATP_source_from_ODE	2.014=2.014
GLUTAMINESYN_RXN_p	-3.7300966386291603=2.014
ACETYLGLUTKIN_RXN_p	-0.005678288769806002=2.014
ADENYL_KIN_RXN_p	-0.023524339189196778=2.014
ATP_ADP_Pi_pc	0.11800201583813595=2.014
0.11800201583813595
GDPKIN_RXN_p	-0.002839144384903001=2.1320020158381356
ATPPHOSPHORIBOSYLTRANS_RXN_p	-0.002839144384903=2.1320020158381356
Extra APTase flux =2.1320020158381356
ACETOOHBUTREDUCTOISOM_RXN_p	-0.008923025209695144=3.398
GLUTATHIONE_REDUCT_NADPH_RXN_p	-0.004055920549860458=3.398
1_PERIOD_18_PERIOD_1_PERIOD_2_RXN_p	-2.413360505902961=3.398
NADPH_source_from_ODE	3.398=3.398
SHIKIMATE_5_DEHYDROGENASE_RXN_p	-0.0206851948042933=3.398
NADPHoxp_tx	-0.8544444444444445=3.398
ACETOLACTREDUCTOISOM_RXN_p	-0.02027960274930715=3.398
ASPARTATE_SEMIALDEHYDE_DEHYDROGENASE_RXN_p	-0.0352865087848167=3.398
HOMOSERDEHYDROG_RXN_NADP_p	-0.027580259739056756=3.398
N_ACETYLGLUTPREDUCT_RXN_p	-0.005678288769806004=3.398
DIHYDROPICRED_RXN_NADP_p	-0.007706249045759942=3.398
RXN_8001_p	0.005678288769806001=3.398
PYRUVDEH_RXN_p	0.013384537814541745=3.398
PGLYCDEHYDROG_RXN_p	0.06286676852387393=3.398
3_ISOPROPYLMALDEHYDROG_RXN_p	0.009328617264681288=3.398
GLUTAMATE_SYNTHASE_NADH_RXN_p	-2.980880334334338=3.398
PREPHENATEDEHYDROG_RXN_p	0.006083880824792145=3.398
GAPOXNPHOSPHN_RXN_p	1.6844857305030574=3.398
MALATE_DEH_RXN_p	1.199052510633588=3.398
1.199052510633588
Extra NADPH flux =4.597052510633588

ODE ATPase 2.014
FBA ATPase 2.132
ODE NADPHox 3.398
FBA NADPHox 4.597
Loop 3
Solanum nigrum

