Loop 0
Chenopodium hybridum

ans =

   2.7830e-06


ERROR:cobra.io.sbml:No objective coefficients in model. Unclear what should be optimized
   Light intensity       Vc      Vo      VPGA    VT3P  Vstarch  Vt_glycerate  Vt_glycolate       A_slope  Max_Meta_slope
0             1000  27.7194  9.3553  0.010408  5.0051   1.3325        4.6776        9.3553  1.658500e-11        0.000003
No more input.
Sucrose export rate =-0.5825436423564474
ACETYLGLUTKIN_RXN_p	-0.0032753761944705824=0.0
PRPPSYN_RXN_p	-0.014559331176577338=0.0
GDPKIN_RXN_p	-0.0032753761944705846=0.0
ARGSUCCINSYN_RXN_p	-0.0032753761944705833=0.0
HOMOSERKIN_RXN_p	-0.013830417977230792=0.0
CARBAMATE_KINASE_RXN_p	-0.003275376194470583=0.0
ATP_ADP_Pi_pc	3.1142709851256836=0.0
3.1142709851256836
ADENYL_KIN_RXN_p	-0.02511437295933969=3.1142709851256836
SULFATE_ADENYLYLTRANS_RXN_p	-0.004004289393819038=3.1142709851256836
PEPDEPHOS_RXN_p	0.04004289393835746=3.1142709851256836
ASPARTATEKIN_RXN_p	-0.02111008356569608=3.1142709851256836
GLUTAMINESYN_RXN_p	-5.235595188479589=3.1142709851256836
ATPPHOSPHORIBOSYLTRANS_RXN_p	-0.003275376194470585=3.1142709851256836
PHOSGLYPHOS_RXN_p	2.197755958828347=3.1142709851256836
SHIKIMATE_KINASE_RXN_p	-0.021479273367785427=3.1142709851256836
Extra APTase flux =3.1142709851256836
1_PERIOD_18_PERIOD_1_PERIOD_2_RXN_p	-1.6929624371182785=0.0
GLU6PDEHYDROG_RXN_p	1.3066465308298831=0.0
ACETOLACTREDUCTOISOM_RXN_p	-0.01601715757527234=0.0
6PGLUCONDEHYDROG_RXN_p	1.3066465308298831=0.0
N_ACETYLGLUTPREDUCT_RXN_p	-0.003275376194470583=0.0
SHIKIMATE_5_DEHYDROGENASE_RXN_p	-0.021479273367785427=0.0
PREPHENATE_DEHYDROGENASE_NADP_RXN_p	0.0058218391895936685=0.0
GLUTATHIONE_REDUCT_NADPH_RXN_p	-0.004004289393819038=0.0
NADPHoxp_tx	-0.8544444444444445=0.0
ACETOOHBUTREDUCTOISOM_RXN_p	-0.005821839189593668=0.0
ASPARTATE_SEMIALDEHYDE_DEHYDROGENASE_RXN_p	-0.02111008356569608=0.0
PGLYCDEHYDROG_RXN_p	0.03907938583787666=0.0
MALATE_DEH_RXN_p	2.8279953606573147=0.0
2.8279953606573147
GAPOXNPHOSPHN_RXN_p	2.197755958828347=2.8279953606573147
PYRUVDEH_RXN_p	0.010195318385679625=2.8279953606573147
3_ISOPROPYLMALDEHYDROG_RXN_p	0.006191028991860584=2.8279953606573147
HOMOSERDEHYDROG_RXN_NAD_p	-0.01383041797723079=2.8279953606573147
DIHYDROPICRED_RXN_NAD_p	-0.007279665588465292=2.8279953606573147
RXN_8001_p	0.006550752388941167=2.8279953606573147
GLUTAMATE_SYNTHASE_NADH_RXN_p	-5.066657721524323=2.8279953606573147
Extra NADPH flux =2.8279953606573147

ODE ATPase 0.0
FBA ATPase 3.1
ODE NADPHox 0.0
FBA NADPHox 2.8
Loop 1
Chenopodium hybridum

ans =

   1.5550e-07


ERROR:cobra.io.sbml:No objective coefficients in model. Unclear what should be optimized
   Light intensity       Vc      Vo      VPGA    VT3P  Vstarch  Vt_glycerate  Vt_glycolate       A_slope  Max_Meta_slope
0             1000  27.6945  9.3469  0.010465  5.0164   1.3234        4.6734        9.3469  9.587900e-11    1.555000e-07
No more input.
Sucrose export rate =-0.6948302727293614
GDPKIN_RXN_p	-0.003906712508764652=3.1
PEPDEPHOS_RXN_p	0.047761254081362045=3.1
ATPPHOSPHORIBOSYLTRANS_RXN_p	-0.003906712508764652=3.1
ASPARTATEKIN_RXN_p	-0.025179100851508995=3.1
PRPPSYN_RXN_p	-0.017365675833757324=3.1
ACETYLGLUTKIN_RXN_p	-0.003906712508764649=3.1
ATP_source_from_ODE	3.1=3.1
CARBAMATE_KINASE_RXN_p	-0.003906712508764649=3.1
HOMOSERKIN_RXN_p	-0.01649626293440854=3.1
ADENYL_KIN_RXN_p	-0.029955226259422676=3.1
ARGSUCCINSYN_RXN_p	-0.003906712508764649=3.1
SHIKIMATE_KINASE_RXN_p	-0.025619452839268763=3.1
GLUTAMINESYN_RXN_p	-5.338940410145253=3.1
PHOSGLYPHOS_RXN_p	2.1620499441620225=3.1
ATP_ADP_Pi_pc	0.1680546185721725=3.1
0.1680546185721725
SULFATE_ADENYLYLTRANS_RXN_p	-0.0047761254081145925=3.2680546185721724
Extra APTase flux =3.2680546185721724
SHIKIMATE_5_DEHYDROGENASE_RXN_p	-0.025619452839268763=2.8
ASPARTATE_SEMIALDEHYDE_DEHYDROGENASE_RXN_p	-0.025179100851508995=2.8
NADPH_source_from_ODE	2.8=2.8
1_PERIOD_18_PERIOD_1_PERIOD_2_RXN_p	-2.019284850736885=2.8
6PGLUCONDEHYDROG_RXN_p	0.07615759421072227=2.8
ACETOOHBUTREDUCTOISOM_RXN_p	-0.006944012118179943=2.8
N_ACETYLGLUTPREDUCT_RXN_p	-0.003906712508764649=2.8
NADPHoxp_tx	-0.8544444444444445=2.8
ACETOLACTREDUCTOISOM_RXN_p	-0.01910450163245604=2.8
PREPHENATE_DEHYDROGENASE_NADP_RXN_p	0.006944012118179942=2.8
GLU6PDEHYDROG_RXN_p	0.07615759421072227=2.8
GLUTATHIONE_REDUCT_NADPH_RXN_p	-0.004776125408114593=2.8
MALATE_DEH_RXN_p	2.9265890697387653=2.8
2.9265890697387653
3_ISOPROPYLMALDEHYDROG_RXN_p	0.007384364106162084=5.726589069738765
DIHYDROPICRED_RXN_NAD_p	-0.008682837917100452=5.726589069738765
PGLYCDEHYDROG_RXN_p	0.04662166518802365=5.726589069738765
GLUTAMATE_SYNTHASE_NADH_RXN_p	-5.137439856875271=5.726589069738765
PYRUVDEH_RXN_p	0.012160489514276679=5.726589069738765
HOMOSERDEHYDROG_RXN_NAD_p	-0.01649626293440854=5.726589069738765
GAPOXNPHOSPHN_RXN_p	2.1620499441620225=5.726589069738765
RXN_8001_p	0.0078134250175293=5.726589069738765
Extra NADPH flux =5.726589069738765

ODE ATPase 3.1
FBA ATPase 3.3
ODE NADPHox 2.8
FBA NADPHox 5.7
Loop 2
Chenopodium hybridum

ans =

   9.2288e-05

[Warning: ODE model does not reach a steady state: The 1st time ] 
[> In Sim_Ephotosynthesis (line 22)
  In wrapped_Sim_Ephotosynthesis_735999a9_fdbd_4887_829c_aca3ebe8 (line 97)] 

ERROR:cobra.io.sbml:No objective coefficients in model. Unclear what should be optimized
   Light intensity       Vc       Vo      VPGA    VT3P  Vstarch  Vt_glycerate  Vt_glycolate       A_slope  Max_Meta_slope
0             1000  31.0969  10.4952  0.012375  6.1046   3.8758        5.2476       10.4952  2.193100e-10        0.000023
No more input.
Sucrose export rate =-0.9547129723745251
CARBAMATE_KINASE_RXN_p	-0.005367913946530366=3.3
SHIKIMATE_KINASE_RXN_p	-0.03520172469559943=3.3
HOMOSERKIN_RXN_p	-0.022666249352254603=3.3
PHOSGLYPHOS_RXN_p	2.2175373350157206=3.3
ASPARTATEKIN_RXN_p	-0.03459667081138007=3.3
SULFATE_ADENYLYLTRANS_RXN_p	-0.006562507512663502=3.3
ATPPHOSPHORIBOSYLTRANS_RXN_p	-0.005367913946530367=3.3
PEPDEPHOS_RXN_p	0.06562507512658673=3.3
ACETYLGLUTKIN_RXN_p	-0.005367913946530365=3.3
ATP_source_from_ODE	3.3=3.3
GLUTAMINESYN_RXN_p	-6.161999318068022=3.3
ATP_ADP_Pi_pc	0.7697236512728596=3.3
0.7697236512728596
ADENYL_KIN_RXN_p	-0.04115917832411645=4.069723651272859
GDPKIN_RXN_p	-0.005367913946530367=4.069723651272859
ARGSUCCINSYN_RXN_p	-0.005367913946530365=4.069723651272859
PRPPSYN_RXN_p	-0.02386084291839221=4.069723651272859
Extra APTase flux =4.069723651272859
ACETOOHBUTREDUCTOISOM_RXN_p	-0.009541234326925364=5.7
NADPH_source_from_ODE	5.7=5.7
HOMOSERDEHYDROG_RXN_NADP_p	-0.022666249352254603=5.7
GLUTATHIONE_REDUCT_NADPH_RXN_p	-0.006562507512663502=5.7
1_PERIOD_18_PERIOD_1_PERIOD_2_RXN_p	-4.693438803400366=5.7
ACETOLACTREDUCTOISOM_RXN_p	-0.026250030050662954=5.7
N_ACETYLGLUTPREDUCT_RXN_p	-0.005367913946530364=5.7
SHIKIMATE_5_DEHYDROGENASE_RXN_p	-0.03520172469559943=5.7
DIHYDROPICRED_RXN_NADP_p	-0.01193042145912547=5.7
ASPARTATE_SEMIALDEHYDE_DEHYDROGENASE_RXN_p	-0.03459667081138007=5.7
NADPHoxp_tx	-0.8544444444444445=5.7
PGLYCDEHYDROG_RXN_p	0.0641279546183309=5.7
PYRUVDEH_RXN_p	0.016708795723735355=5.7
3_ISOPROPYLMALDEHYDROG_RXN_p	0.010146288211071849=5.7
GLUTAMATE_SYNTHASE_NADH_RXN_p	-3.9662384626264946=5.7
RXN_8001_p	0.010735827893060731=5.7
MALATE_DEH_RXN_p	1.6374410268377337=5.7
1.6374410268377337
GAPOXNPHOSPHN_RXN_p	2.2175373350157224=7.337441026837734
PREPHENATEDEHYDROG_RXN_p	0.009541234326925363=7.337441026837734
Extra NADPH flux =7.337441026837734

ODE ATPase 3.3
FBA ATPase 4.1
ODE NADPHox 5.7
FBA NADPHox 7.3
Loop 3
Chenopodium hybridum

