Loop 0
Papaver dubium

ans =

   2.7830e-06


ERROR:cobra.io.sbml:No objective coefficients in model. Unclear what should be optimized
   Light intensity       Vc      Vo      VPGA    VT3P  Vstarch  Vt_glycerate  Vt_glycolate       A_slope  Max_Meta_slope
0             1000  27.7194  9.3553  0.010408  5.0051   1.3325        4.6776        9.3553  1.658500e-11        0.000003
No more input.
Sucrose export rate =-0.33814208423303566
SHIKIMATE_KINASE_RXN_p	-0.022824590685729885=0.0
SULFATE_ADENYLYLTRANS_RXN_p	-0.0025360656317476144=0.0
GDPKIN_RXN_p	-0.0016907104211651791=0.0
HOMOSERKIN_RXN_p	-0.05241202305612035=0.0
ADENYL_KIN_RXN_p	-0.01944316984339862=0.0
PEPDEPHOS_RXN_p	0.07354590331084561=0.0
ASPARTATEKIN_RXN_p	-0.05748415430981742=0.0
ACETYLGLUTKIN_RXN_p	-0.0033814208423303574=0.0
ATP_ADP_Pi_pc	3.09084974095824=0.0
3.09084974095824
PRPPSYN_RXN_p	-0.011834972948156238=3.09084974095824
GLUTAMINESYN_RXN_p	-5.839168059350273=3.09084974095824
ATPPHOSPHORIBOSYLTRANS_RXN_p	-0.0016907104211651787=3.09084974095824
PHOSGLYPHOS_RXN_p	2.854833074925479=3.09084974095824
CARBAMATE_KINASE_RXN_p	-0.0033814208423303565=3.09084974095824
ARGSUCCINSYN_RXN_p	-0.0033814208423303565=3.09084974095824
Extra APTase flux =3.09084974095824
ACETOOHBUTREDUCTOISOM_RXN_p	-0.008453552105825882=0.0
N_ACETYLGLUTPREDUCT_RXN_p	-0.0033814208423303565=0.0
SHIKIMATE_5_DEHYDROGENASE_RXN_p	-0.022824590685729878=0.0
ASPARTATE_SEMIALDEHYDE_DEHYDROGENASE_RXN_p	-0.05748415430981742=0.0
GLU6PDEHYDROG_RXN_p	2.273055324524399=0.0
PREPHENATE_DEHYDROGENASE_NADP_RXN_p	0.010144262526991061=0.0
1_PERIOD_18_PERIOD_1_PERIOD_2_RXN_p	-3.575852540764338=0.0
ACETOLACTREDUCTOISOM_RXN_p	-0.03127814279155577=0.0
NADPHoxp_tx	-0.8544444444444445=0.0
GLUTATHIONE_REDUCT_NADPH_RXN_p	-0.0025360656317476144=0.0
6PGLUCONDEHYDROG_RXN_p	2.273055324524399=0.0
HOMOSERDEHYDROG_RXN_NAD_p	-0.052412023056120347=0.0
GLUTAMATE_SYNTHASE_NADH_RXN_p	-5.544984446067532=0.0
3_ISOPROPYLMALDEHYDROG_RXN_p	0.007608196895243298=0.0
DIHYDROPICRED_RXN_NAD_p	-0.005072131253697068=0.0
PYRUVDEH_RXN_p	0.01014426252699091=0.0
GAPOXNPHOSPHN_RXN_p	2.8548330749254784=0.0
PGLYCDEHYDROG_RXN_p	0.0844855210484584=0.0
RXN_8001_p	0.003381420842330357=0.0
MALATE_DEH_RXN_p	2.642016124138848=0.0
2.642016124138848
Extra NADPH flux =2.642016124138848

ODE ATPase 0.0
FBA ATPase 3.091
ODE NADPHox 0.0
FBA NADPHox 2.642
Loop 1
Papaver dubium

ans =

   5.8156e-07


ERROR:cobra.io.sbml:No objective coefficients in model. Unclear what should be optimized
   Light intensity       Vc      Vo      VPGA    VT3P  Vstarch  Vt_glycerate  Vt_glycolate       A_slope  Max_Meta_slope
0             1000  27.6945  9.3469  0.010464  5.0164   1.3234        4.6734        9.3469  8.510200e-12    5.815600e-07
No more input.
Sucrose export rate =-0.4005714431494694
ACETYLGLUTKIN_RXN_p	-0.004005714431494695=3.091
GLUTAMINESYN_RXN_p	-6.049412907217827=3.091
HOMOSERKIN_RXN_p	-0.06208857368815816=3.091
PHOSGLYPHOS_RXN_p	2.935766077457843=3.091
PRPPSYN_RXN_p	-0.014020000510231419=3.091
SHIKIMATE_KINASE_RXN_p	-0.02703857241258916=3.091
ATPPHOSPHORIBOSYLTRANS_RXN_p	-0.0020028572157473473=3.091
PEPDEPHOS_RXN_p	0.08712428888561917=3.091
ARGSUCCINSYN_RXN_p	-0.004005714431494695=3.091
ATP_source_from_ODE	3.091=3.091
ATP_ADP_Pi_pc	0.14882683435203323=3.091
0.14882683435203323
SULFATE_ADENYLYLTRANS_RXN_p	-0.003004285823611459=3.2398268343520336
ASPARTATEKIN_RXN_p	-0.06809714533600988=3.2398268343520336
GDPKIN_RXN_p	-0.002002857215747348=3.2398268343520336
CARBAMATE_KINASE_RXN_p	-0.004005714431494695=3.2398268343520336
ADENYL_KIN_RXN_p	-0.023032857981086896=3.2398268343520336
Extra APTase flux =3.2398268343520336
N_ACETYLGLUTPREDUCT_RXN_p	-0.004005714431494695=2.642
GLU6PDEHYDROG_RXN_p	1.292841587514694=2.642
ACETOLACTREDUCTOISOM_RXN_p	-0.037052858491325884=2.642
NADPH_source_from_ODE	2.642=2.642
GLUTATHIONE_REDUCT_NADPH_RXN_p	-0.0030042858236114587=2.642
SHIKIMATE_5_DEHYDROGENASE_RXN_p	-0.027038572412589158=2.642
NADPHoxp_tx	-0.8544444444444445=2.642
RXN_5682_p	0.012017143294484072=2.642
6PGLUCONDEHYDROG_RXN_p	1.2928415875146941=2.642
ASPARTATE_SEMIALDEHYDE_DEHYDROGENASE_RXN_p	-0.06809714533600988=2.642
1_PERIOD_18_PERIOD_1_PERIOD_2_RXN_p	-4.236043011305659=2.642
ACETOOHBUTREDUCTOISOM_RXN_p	-0.010014286078736724=2.642
DIHYDROPICRED_RXN_NAD_p	-0.006008571647851739=2.642
RXN_8001_p	0.0040057144314947545=2.642
3_ISOPROPYLMALDEHYDROG_RXN_p	0.009012857470863056=2.642
MALATE_DEH_RXN_p	2.7081182435711604=2.642
2.7081182435711604
PYRUVDEH_RXN_p	0.012017143294474513=5.35011824357116
GLUTAMATE_SYNTHASE_NADH_RXN_p	-5.7009157516777895=5.35011824357116
PGLYCDEHYDROG_RXN_p	0.10009286078796285=5.35011824357116
GAPOXNPHOSPHN_RXN_p	2.9357660774578425=5.35011824357116
HOMOSERDEHYDROG_RXN_NAD_p	-0.06208857368815816=5.35011824357116
Extra NADPH flux =5.35011824357116

ODE ATPase 3.091
FBA ATPase 3.24
ODE NADPHox 2.642
FBA NADPHox 5.35
Loop 2
Papaver dubium

ans =

   1.4927e-06


ERROR:cobra.io.sbml:No objective coefficients in model. Unclear what should be optimized
   Light intensity       Vc      Vo      VPGA    VT3P  Vstarch  Vt_glycerate  Vt_glycolate       A_slope  Max_Meta_slope
0             1000  27.6985  9.3482  0.010469  5.0175   1.3234        4.6741        9.3482  1.855400e-10        0.000001
No more input.
Sucrose export rate =-0.44774242097429046
SULFATE_ADENYLYLTRANS_RXN_p	-0.0033580681573056486=3.24
ADENYL_KIN_RXN_p	-0.02574518920602092=3.24
HOMOSERKIN_RXN_p	-0.06940007525101345=3.24
PRPPSYN_RXN_p	-0.015670984734100155=3.24
ASPARTATEKIN_RXN_p	-0.07611621156586143=3.24
GLUTAMINESYN_RXN_p	-6.212095216046455=3.24
PHOSGLYPHOS_RXN_p	3.108102075382298=3.24
GDPKIN_RXN_p	-0.0022387121048714534=3.24
CARBAMATE_KINASE_RXN_p	-0.004477424209742903=3.24
ATP_source_from_ODE	3.24=3.24
ATPPHOSPHORIBOSYLTRANS_RXN_p	-0.002238712104871452=3.24
PEPDEPHOS_RXN_p	0.09738397656214255=3.24
ARGSUCCINSYN_RXN_p	-0.004477424209742903=3.24
SHIKIMATE_KINASE_RXN_p	-0.030222613415764574=3.24
ACETYLGLUTKIN_RXN_p	-0.004477424209742904=3.24
ATP_ADP_Pi_pc	0.005032003271050652=3.24
0.005032003271050652
Extra APTase flux =3.2450320032710507
ACETOLACTREDUCTOISOM_RXN_p	-0.04141617394012182=5.35
6PGLUCONDEHYDROG_RXN_p	0.1963361627157437=5.35
ASPARTATE_SEMIALDEHYDE_DEHYDROGENASE_RXN_p	-0.07611621156586142=5.35
1_PERIOD_18_PERIOD_1_PERIOD_2_RXN_p	-4.734876101803119=5.35
ACETOOHBUTREDUCTOISOM_RXN_p	-0.011193560524357249=5.35
SHIKIMATE_5_DEHYDROGENASE_RXN_p	-0.030222613415764574=5.35
NADPHoxp_tx	-0.8544444444444445=5.35
PREPHENATE_DEHYDROGENASE_NADP_RXN_p	0.013432272629228699=5.35
NADPH_source_from_ODE	5.35=5.35
GLU6PDEHYDROG_RXN_p	0.1963361627157437=5.35
GLUTATHIONE_REDUCT_NADPH_RXN_p	-0.0033580681573056478=5.35
N_ACETYLGLUTPREDUCT_RXN_p	-0.0044774242097429025=5.35
HOMOSERDEHYDROG_RXN_NAD_p	-0.06940007525101345=5.35
RXN_8001_p	0.004477424209742904=5.35
PYRUVDEH_RXN_p	0.013432272629227178=5.35
MALATE_DEH_RXN_p	2.6506539394276922=5.35
2.6506539394276922
GLUTAMATE_SYNTHASE_NADH_RXN_p	-5.822559309798822=8.000653939427693
3_ISOPROPYLMALDEHYDROG_RXN_p	0.01007420447192153=8.000653939427693
PGLYCDEHYDROG_RXN_p	0.11193560524380387=8.000653939427693
GAPOXNPHOSPHN_RXN_p	3.1081020753822974=8.000653939427693
DIHYDROPICRED_RXN_NAD_p	-0.006716136314848001=8.000653939427693
Extra NADPH flux =8.000653939427693

ODE ATPase 3.24
FBA ATPase 3.245
ODE NADPHox 5.35
FBA NADPHox 8.001
Loop 3
Papaver dubium

